user_id,invoice_date,amount_paid,plan
USR_00001,2025-07-19,79.0,Pro
USR_00001,2025-08-18,29.0,Basic
USR_00001,2025-09-17,29.0,Basic
USR_00002,2025-04-08,29.0,Basic
USR_00003,2025-06-01,29.0,Basic
USR_00003,2025-07-01,29.0,Basic
USR_00003,2025-07-31,29.0,Basic
USR_00004,2025-10-25,29.0,Basic
USR_00004,2025-11-24,79.0,Pro
USR_00004,2025-12-24,199.0,Enterprise
USR_00005,2025-08-31,79.0,Pro
USR_00005,2025-09-30,29.0,Basic
USR_00006,2025-02-25,29.0,Basic
USR_00006,2025-03-27,29.0,Basic
USR_00006,2025-04-26,29.0,Basic
USR_00006,2025-05-26,199.0,Enterprise
USR_00006,2025-06-25,79.0,Pro
USR_00007,2025-06-21,29.0,Basic
USR_00008,2025-10-09,79.0,Pro
USR_00008,2025-11-08,199.0,Enterprise
USR_00008,2025-12-08,29.0,Basic
USR_00009,2025-09-05,79.0,Pro
USR_00009,2025-10-05,29.0,Basic
USR_00010,2025-09-12,29.0,Basic
USR_00010,2025-10-12,29.0,Basic
USR_00010,2025-11-11,29.0,Basic
USR_00010,2025-12-11,79.0,Pro
USR_00011,2025-03-02,199.0,Enterprise
USR_00011,2025-04-01,199.0,Enterprise
USR_00012,2025-01-31,29.0,Basic
USR_00012,2025-03-02,79.0,Pro
USR_00013,2025-03-02,199.0,Enterprise
USR_00014,2025-05-26,29.0,Basic
USR_00014,2025-06-25,79.0,Pro
USR_00014,2025-07-25,29.0,Basic
USR_00014,2025-08-24,79.0,Pro
USR_00015,2025-04-05,29.0,Basic
USR_00016,2025-04-13,29.0,Basic
USR_00016,2025-05-13,199.0,Enterprise
USR_00017,2025-09-18,79.0,Pro
USR_00017,2025-10-18,79.0,Pro
USR_00017,2025-11-17,79.0,Pro
USR_00018,2025-06-30,79.0,Pro
USR_00018,2025-07-30,29.0,Basic
USR_00018,2025-08-29,29.0,Basic
USR_00019,2025-05-01,29.0,Basic
USR_00020,2025-06-23,29.0,Basic
USR_00021,2025-04-12,29.0,Basic
USR_00021,2025-05-12,29.0,Basic
USR_00021,2025-06-11,79.0,Pro
USR_00022,2025-06-22,199.0,Enterprise
USR_00022,2025-07-22,29.0,Basic
USR_00022,2025-08-21,199.0,Enterprise
USR_00022,2025-09-20,79.0,Pro
USR_00023,2025-01-06,79.0,Pro
USR_00023,2025-02-05,29.0,Basic
USR_00023,2025-03-07,79.0,Pro
USR_00023,2025-04-06,29.0,Basic
USR_00023,2025-05-06,29.0,Basic
USR_00024,2025-03-27,29.0,Basic
USR_00024,2025-04-26,29.0,Basic
USR_00025,2025-07-17,79.0,Pro
USR_00025,2025-08-16,29.0,Basic
USR_00025,2025-09-15,79.0,Pro
USR_00025,2025-10-15,29.0,Basic
USR_00026,2025-04-28,199.0,Enterprise
USR_00027,2025-05-05,29.0,Basic
USR_00027,2025-06-04,79.0,Pro
USR_00028,2025-04-24,79.0,Pro
USR_00029,2025-01-08,79.0,Pro
USR_00029,2025-02-07,29.0,Basic
USR_00030,2025-09-15,29.0,Basic
USR_00031,2025-09-01,29.0,Basic
USR_00031,2025-10-01,79.0,Pro
USR_00031,2025-10-31,79.0,Pro
USR_00032,2025-01-16,29.0,Basic
USR_00032,2025-02-15,29.0,Basic
USR_00033,2025-03-23,29.0,Basic
USR_00033,2025-04-22,79.0,Pro
USR_00033,2025-05-22,79.0,Pro
USR_00033,2025-06-21,29.0,Basic
USR_00033,2025-07-21,79.0,Pro
USR_00033,2025-08-20,199.0,Enterprise
USR_00034,2025-05-06,29.0,Basic
USR_00035,2025-01-14,199.0,Enterprise
USR_00035,2025-02-13,29.0,Basic
USR_00035,2025-03-15,79.0,Pro
USR_00035,2025-04-14,29.0,Basic
USR_00035,2025-05-14,199.0,Enterprise
USR_00036,2025-08-12,79.0,Pro
USR_00037,2025-02-26,29.0,Basic
USR_00038,2025-09-08,29.0,Basic
USR_00038,2025-10-08,29.0,Basic
USR_00038,2025-11-07,79.0,Pro
USR_00038,2025-12-07,29.0,Basic
USR_00039,2025-04-13,29.0,Basic
USR_00039,2025-05-13,29.0,Basic
USR_00040,2025-02-01,79.0,Pro
USR_00040,2025-03-03,29.0,Basic
USR_00041,2025-06-25,29.0,Basic
USR_00041,2025-07-25,29.0,Basic
USR_00041,2025-08-24,29.0,Basic
USR_00042,2025-05-07,29.0,Basic
USR_00042,2025-06-06,29.0,Basic
USR_00043,2025-04-16,29.0,Basic
USR_00043,2025-05-16,79.0,Pro
USR_00043,2025-06-15,29.0,Basic
USR_00043,2025-07-15,29.0,Basic
USR_00044,2025-07-08,29.0,Basic
USR_00045,2025-02-21,79.0,Pro
USR_00045,2025-03-23,199.0,Enterprise
USR_00046,2025-05-22,29.0,Basic
USR_00046,2025-06-21,29.0,Basic
USR_00046,2025-07-21,29.0,Basic
USR_00046,2025-08-20,29.0,Basic
USR_00046,2025-09-19,199.0,Enterprise
USR_00046,2025-10-19,29.0,Basic
USR_00047,2025-05-07,29.0,Basic
USR_00047,2025-06-06,29.0,Basic
USR_00048,2025-04-02,29.0,Basic
USR_00049,2025-01-24,29.0,Basic
USR_00049,2025-02-23,79.0,Pro
USR_00049,2025-03-25,29.0,Basic
USR_00050,2025-08-10,79.0,Pro
USR_00050,2025-09-09,29.0,Basic
USR_00051,2025-03-02,199.0,Enterprise
USR_00051,2025-04-01,29.0,Basic
USR_00051,2025-05-01,29.0,Basic
USR_00051,2025-05-31,79.0,Pro
USR_00051,2025-06-30,29.0,Basic
USR_00052,2025-09-29,29.0,Basic
USR_00052,2025-10-29,29.0,Basic
USR_00053,2025-08-02,199.0,Enterprise
USR_00053,2025-09-01,29.0,Basic
USR_00053,2025-10-01,29.0,Basic
USR_00054,2025-04-18,29.0,Basic
USR_00055,2025-05-12,79.0,Pro
USR_00055,2025-06-11,29.0,Basic
USR_00056,2025-04-16,29.0,Basic
USR_00056,2025-05-16,29.0,Basic
USR_00057,2025-03-13,199.0,Enterprise
USR_00057,2025-04-12,29.0,Basic
USR_00057,2025-05-12,29.0,Basic
USR_00057,2025-06-11,79.0,Pro
USR_00058,2025-05-04,79.0,Pro
USR_00058,2025-06-03,199.0,Enterprise
USR_00059,2025-10-02,29.0,Basic
USR_00059,2025-11-01,199.0,Enterprise
USR_00059,2025-12-01,79.0,Pro
USR_00060,2025-01-06,79.0,Pro
USR_00060,2025-02-05,79.0,Pro
USR_00061,2025-05-05,29.0,Basic
USR_00062,2025-06-19,199.0,Enterprise
USR_00062,2025-07-19,29.0,Basic
USR_00063,2025-03-13,29.0,Basic
USR_00064,2025-07-02,29.0,Basic
USR_00064,2025-08-01,79.0,Pro
USR_00065,2025-09-04,29.0,Basic
USR_00066,2025-01-25,29.0,Basic
USR_00067,2025-05-16,199.0,Enterprise
USR_00067,2025-06-15,29.0,Basic
USR_00068,2025-02-14,79.0,Pro
USR_00068,2025-03-16,79.0,Pro
USR_00068,2025-04-15,199.0,Enterprise
USR_00068,2025-05-15,29.0,Basic
USR_00069,2025-08-04,79.0,Pro
USR_00069,2025-09-03,29.0,Basic
USR_00069,2025-10-03,29.0,Basic
USR_00070,2025-05-09,29.0,Basic
USR_00070,2025-06-08,29.0,Basic
USR_00070,2025-07-08,79.0,Pro
USR_00070,2025-08-07,29.0,Basic
USR_00070,2025-09-06,199.0,Enterprise
USR_00071,2025-05-15,29.0,Basic
USR_00071,2025-06-14,29.0,Basic
USR_00071,2025-07-14,29.0,Basic
USR_00072,2025-02-14,29.0,Basic
USR_00072,2025-03-16,199.0,Enterprise
USR_00073,2025-01-02,29.0,Basic
USR_00073,2025-02-01,29.0,Basic
USR_00074,2025-05-05,29.0,Basic
USR_00074,2025-06-04,199.0,Enterprise
USR_00075,2025-01-21,29.0,Basic
USR_00076,2025-04-01,79.0,Pro
USR_00076,2025-05-01,29.0,Basic
USR_00077,2025-02-21,29.0,Basic
USR_00078,2025-06-11,79.0,Pro
USR_00078,2025-07-11,29.0,Basic
USR_00078,2025-08-10,79.0,Pro
USR_00079,2025-02-10,29.0,Basic
USR_00079,2025-03-12,29.0,Basic
USR_00080,2025-03-03,29.0,Basic
USR_00081,2025-07-09,199.0,Enterprise
USR_00081,2025-08-08,199.0,Enterprise
USR_00081,2025-09-07,29.0,Basic
USR_00081,2025-10-07,199.0,Enterprise
USR_00081,2025-11-06,29.0,Basic
USR_00082,2025-03-16,29.0,Basic
USR_00082,2025-04-15,29.0,Basic
USR_00083,2025-08-02,79.0,Pro
USR_00083,2025-09-01,79.0,Pro
USR_00083,2025-10-01,29.0,Basic
USR_00083,2025-10-31,29.0,Basic
USR_00083,2025-11-30,29.0,Basic
USR_00084,2025-05-06,29.0,Basic
USR_00084,2025-06-05,29.0,Basic
USR_00085,2025-09-23,79.0,Pro
USR_00085,2025-10-23,79.0,Pro
USR_00086,2025-01-26,29.0,Basic
USR_00086,2025-02-25,199.0,Enterprise
USR_00086,2025-03-27,199.0,Enterprise
USR_00086,2025-04-26,79.0,Pro
USR_00086,2025-05-26,79.0,Pro
USR_00086,2025-06-25,29.0,Basic
USR_00086,2025-07-25,79.0,Pro
USR_00087,2025-02-25,29.0,Basic
USR_00087,2025-03-27,79.0,Pro
USR_00087,2025-04-26,29.0,Basic
USR_00088,2025-06-25,29.0,Basic
USR_00088,2025-07-25,29.0,Basic
USR_00088,2025-08-24,79.0,Pro
USR_00088,2025-09-23,29.0,Basic
USR_00089,2025-08-06,29.0,Basic
USR_00089,2025-09-05,29.0,Basic
USR_00090,2025-02-26,199.0,Enterprise
USR_00090,2025-03-28,29.0,Basic
USR_00090,2025-04-27,29.0,Basic
USR_00090,2025-05-27,29.0,Basic
USR_00090,2025-06-26,29.0,Basic
USR_00090,2025-07-26,79.0,Pro
USR_00090,2025-08-25,29.0,Basic
USR_00091,2025-04-24,29.0,Basic
USR_00092,2025-04-15,29.0,Basic
USR_00092,2025-05-15,79.0,Pro
USR_00093,2025-08-24,79.0,Pro
USR_00093,2025-09-23,29.0,Basic
USR_00093,2025-10-23,29.0,Basic
USR_00093,2025-11-22,29.0,Basic
USR_00094,2025-06-04,199.0,Enterprise
USR_00094,2025-07-04,29.0,Basic
USR_00094,2025-08-03,29.0,Basic
USR_00095,2025-10-09,79.0,Pro
USR_00095,2025-11-08,29.0,Basic
USR_00095,2025-12-08,29.0,Basic
USR_00096,2025-08-04,29.0,Basic
USR_00097,2025-02-13,199.0,Enterprise
USR_00097,2025-03-15,29.0,Basic
USR_00098,2025-06-27,29.0,Basic
USR_00098,2025-07-27,29.0,Basic
USR_00098,2025-08-26,29.0,Basic
USR_00099,2025-10-01,29.0,Basic
USR_00099,2025-10-31,29.0,Basic
USR_00100,2025-03-07,29.0,Basic
USR_00100,2025-04-06,29.0,Basic
USR_00100,2025-05-06,29.0,Basic
USR_00100,2025-06-05,29.0,Basic
USR_00101,2025-06-05,79.0,Pro
USR_00101,2025-07-05,29.0,Basic
USR_00102,2025-01-20,29.0,Basic
USR_00103,2025-08-29,79.0,Pro
USR_00103,2025-09-28,29.0,Basic
USR_00104,2025-05-27,29.0,Basic
USR_00104,2025-06-26,29.0,Basic
USR_00104,2025-07-26,79.0,Pro
USR_00104,2025-08-25,29.0,Basic
USR_00104,2025-09-24,29.0,Basic
USR_00105,2025-03-20,79.0,Pro
USR_00105,2025-04-19,79.0,Pro
USR_00106,2025-08-04,29.0,Basic
USR_00106,2025-09-03,79.0,Pro
USR_00107,2025-08-16,29.0,Basic
USR_00108,2025-04-16,199.0,Enterprise
USR_00108,2025-05-16,29.0,Basic
USR_00108,2025-06-15,79.0,Pro
USR_00108,2025-07-15,79.0,Pro
USR_00109,2025-06-10,29.0,Basic
USR_00110,2025-04-22,29.0,Basic
USR_00110,2025-05-22,29.0,Basic
USR_00110,2025-06-21,29.0,Basic
USR_00111,2025-10-17,79.0,Pro
USR_00111,2025-11-16,29.0,Basic
USR_00112,2025-06-01,29.0,Basic
USR_00113,2025-03-23,29.0,Basic
USR_00113,2025-04-22,199.0,Enterprise
USR_00113,2025-05-22,29.0,Basic
USR_00114,2025-02-20,199.0,Enterprise
USR_00114,2025-03-22,29.0,Basic
USR_00115,2025-08-15,29.0,Basic
USR_00115,2025-09-14,29.0,Basic
USR_00116,2025-01-13,79.0,Pro
USR_00116,2025-02-12,29.0,Basic
USR_00117,2025-02-01,29.0,Basic
USR_00117,2025-03-03,79.0,Pro
USR_00117,2025-04-02,29.0,Basic
USR_00117,2025-05-02,79.0,Pro
USR_00117,2025-06-01,79.0,Pro
USR_00118,2025-01-23,79.0,Pro
USR_00118,2025-02-22,29.0,Basic
USR_00118,2025-03-24,29.0,Basic
USR_00118,2025-04-23,29.0,Basic
USR_00118,2025-05-23,29.0,Basic
USR_00118,2025-06-22,79.0,Pro
USR_00119,2025-07-31,199.0,Enterprise
USR_00119,2025-08-30,79.0,Pro
USR_00120,2025-04-05,29.0,Basic
USR_00120,2025-05-05,29.0,Basic
USR_00121,2025-01-23,29.0,Basic
USR_00122,2025-02-01,79.0,Pro
USR_00122,2025-03-03,79.0,Pro
USR_00122,2025-04-02,29.0,Basic
USR_00123,2025-05-06,29.0,Basic
USR_00124,2025-03-21,79.0,Pro
USR_00124,2025-04-20,29.0,Basic
USR_00125,2025-07-16,29.0,Basic
USR_00125,2025-08-15,79.0,Pro
USR_00125,2025-09-14,29.0,Basic
USR_00126,2025-04-26,29.0,Basic
USR_00126,2025-05-26,29.0,Basic
USR_00127,2025-05-10,29.0,Basic
USR_00127,2025-06-09,79.0,Pro
USR_00128,2025-07-20,29.0,Basic
USR_00129,2025-06-26,79.0,Pro
USR_00129,2025-07-26,29.0,Basic
USR_00130,2025-10-18,29.0,Basic
USR_00130,2025-11-17,29.0,Basic
USR_00131,2025-03-22,29.0,Basic
USR_00131,2025-04-21,29.0,Basic
USR_00131,2025-05-21,79.0,Pro
USR_00131,2025-06-20,29.0,Basic
USR_00132,2025-08-20,29.0,Basic
USR_00132,2025-09-19,29.0,Basic
USR_00132,2025-10-19,79.0,Pro
USR_00133,2025-02-08,29.0,Basic
USR_00133,2025-03-10,79.0,Pro
USR_00133,2025-04-09,79.0,Pro
USR_00133,2025-05-09,29.0,Basic
USR_00134,2025-05-12,29.0,Basic
USR_00134,2025-06-11,29.0,Basic
USR_00134,2025-07-11,199.0,Enterprise
USR_00134,2025-08-10,199.0,Enterprise
USR_00134,2025-09-09,29.0,Basic
USR_00135,2025-08-17,79.0,Pro
USR_00135,2025-09-16,79.0,Pro
USR_00136,2025-09-15,29.0,Basic
USR_00137,2025-10-12,29.0,Basic
USR_00138,2025-10-18,29.0,Basic
USR_00138,2025-11-17,79.0,Pro
USR_00138,2025-12-17,29.0,Basic
USR_00139,2025-07-17,29.0,Basic
USR_00139,2025-08-16,29.0,Basic
USR_00139,2025-09-15,79.0,Pro
USR_00139,2025-10-15,29.0,Basic
USR_00139,2025-11-14,79.0,Pro
USR_00140,2025-10-20,29.0,Basic
USR_00141,2025-04-22,79.0,Pro
USR_00142,2025-10-09,29.0,Basic
USR_00143,2025-07-12,199.0,Enterprise
USR_00144,2025-07-13,79.0,Pro
USR_00144,2025-08-12,29.0,Basic
USR_00145,2025-08-10,79.0,Pro
USR_00145,2025-09-09,29.0,Basic
USR_00145,2025-10-09,29.0,Basic
USR_00145,2025-11-08,29.0,Basic
USR_00145,2025-12-08,29.0,Basic
USR_00146,2025-05-25,199.0,Enterprise
USR_00146,2025-06-24,29.0,Basic
USR_00146,2025-07-24,29.0,Basic
USR_00147,2025-05-05,29.0,Basic
USR_00148,2025-08-09,199.0,Enterprise
USR_00148,2025-09-08,29.0,Basic
USR_00148,2025-10-08,79.0,Pro
USR_00148,2025-11-07,79.0,Pro
USR_00148,2025-12-07,29.0,Basic
USR_00149,2025-09-23,199.0,Enterprise
USR_00150,2025-05-05,29.0,Basic
USR_00150,2025-06-04,29.0,Basic
USR_00150,2025-07-04,29.0,Basic
USR_00150,2025-08-03,29.0,Basic
USR_00151,2025-03-04,29.0,Basic
USR_00151,2025-04-03,29.0,Basic
USR_00152,2025-02-10,29.0,Basic
USR_00152,2025-03-12,79.0,Pro
USR_00153,2025-10-06,199.0,Enterprise
USR_00154,2025-02-23,29.0,Basic
USR_00154,2025-03-25,29.0,Basic
USR_00155,2025-05-28,79.0,Pro
USR_00156,2025-02-07,29.0,Basic
USR_00157,2025-03-25,29.0,Basic
USR_00158,2025-01-06,79.0,Pro
USR_00158,2025-02-05,29.0,Basic
USR_00158,2025-03-07,29.0,Basic
USR_00158,2025-04-06,199.0,Enterprise
USR_00158,2025-05-06,79.0,Pro
USR_00158,2025-06-05,79.0,Pro
USR_00159,2025-09-16,29.0,Basic
USR_00159,2025-10-16,29.0,Basic
USR_00160,2025-02-03,79.0,Pro
USR_00160,2025-03-05,29.0,Basic
USR_00160,2025-04-04,29.0,Basic
USR_00161,2025-07-31,29.0,Basic
USR_00161,2025-08-30,29.0,Basic
USR_00162,2025-10-06,29.0,Basic
USR_00162,2025-11-05,199.0,Enterprise
USR_00162,2025-12-05,199.0,Enterprise
USR_00163,2025-04-18,29.0,Basic
USR_00163,2025-05-18,79.0,Pro
USR_00163,2025-06-17,29.0,Basic
USR_00163,2025-07-17,79.0,Pro
USR_00164,2025-04-27,79.0,Pro
USR_00164,2025-05-27,29.0,Basic
USR_00164,2025-06-26,29.0,Basic
USR_00165,2025-10-20,29.0,Basic
USR_00166,2025-01-03,29.0,Basic
USR_00167,2025-04-02,29.0,Basic
USR_00167,2025-05-02,79.0,Pro
USR_00168,2025-08-26,199.0,Enterprise
USR_00169,2025-04-06,29.0,Basic
USR_00169,2025-05-06,29.0,Basic
USR_00170,2025-02-02,79.0,Pro
USR_00170,2025-03-04,79.0,Pro
USR_00171,2025-08-26,79.0,Pro
USR_00172,2025-02-19,79.0,Pro
USR_00172,2025-03-21,199.0,Enterprise
USR_00173,2025-04-14,29.0,Basic
USR_00173,2025-05-14,79.0,Pro
USR_00173,2025-06-13,29.0,Basic
USR_00173,2025-07-13,29.0,Basic
USR_00174,2025-05-21,29.0,Basic
USR_00175,2025-01-08,79.0,Pro
USR_00175,2025-02-07,199.0,Enterprise
USR_00176,2025-08-29,199.0,Enterprise
USR_00176,2025-09-28,79.0,Pro
USR_00176,2025-10-28,29.0,Basic
USR_00176,2025-11-27,29.0,Basic
USR_00177,2025-06-21,29.0,Basic
USR_00178,2025-02-27,29.0,Basic
USR_00179,2025-01-13,29.0,Basic
USR_00179,2025-02-12,29.0,Basic
USR_00180,2025-02-14,29.0,Basic
USR_00180,2025-03-16,79.0,Pro
USR_00181,2025-06-08,29.0,Basic
USR_00181,2025-07-08,79.0,Pro
USR_00182,2025-02-27,29.0,Basic
USR_00182,2025-03-29,29.0,Basic
USR_00183,2025-04-06,29.0,Basic
USR_00183,2025-05-06,29.0,Basic
USR_00184,2025-02-21,79.0,Pro
USR_00184,2025-03-23,79.0,Pro
USR_00184,2025-04-22,29.0,Basic
USR_00185,2025-07-20,29.0,Basic
USR_00185,2025-08-19,79.0,Pro
USR_00185,2025-09-18,199.0,Enterprise
USR_00186,2025-03-29,79.0,Pro
USR_00186,2025-04-28,29.0,Basic
USR_00186,2025-05-28,29.0,Basic
USR_00187,2025-10-21,29.0,Basic
USR_00187,2025-11-20,199.0,Enterprise
USR_00187,2025-12-20,79.0,Pro
USR_00188,2025-09-01,29.0,Basic
USR_00188,2025-10-01,29.0,Basic
USR_00189,2025-07-09,29.0,Basic
USR_00189,2025-08-08,29.0,Basic
USR_00189,2025-09-07,79.0,Pro
USR_00189,2025-10-07,79.0,Pro
USR_00189,2025-11-06,79.0,Pro
USR_00190,2025-02-22,29.0,Basic
USR_00190,2025-03-24,29.0,Basic
USR_00190,2025-04-23,29.0,Basic
USR_00191,2025-04-02,79.0,Pro
USR_00191,2025-05-02,29.0,Basic
USR_00192,2025-05-01,29.0,Basic
USR_00193,2025-09-30,29.0,Basic
USR_00193,2025-10-30,79.0,Pro
USR_00193,2025-11-29,29.0,Basic
USR_00194,2025-08-09,29.0,Basic
USR_00194,2025-09-08,29.0,Basic
USR_00194,2025-10-08,29.0,Basic
USR_00194,2025-11-07,79.0,Pro
USR_00195,2025-08-26,29.0,Basic
USR_00195,2025-09-25,29.0,Basic
USR_00196,2025-09-02,29.0,Basic
USR_00196,2025-10-02,29.0,Basic
USR_00197,2025-05-01,29.0,Basic
USR_00197,2025-05-31,199.0,Enterprise
USR_00198,2025-02-24,79.0,Pro
USR_00198,2025-03-26,29.0,Basic
USR_00198,2025-04-25,79.0,Pro
USR_00198,2025-05-25,29.0,Basic
USR_00198,2025-06-24,79.0,Pro
USR_00198,2025-07-24,79.0,Pro
USR_00199,2025-01-23,29.0,Basic
USR_00200,2025-06-14,79.0,Pro
USR_00201,2025-10-15,79.0,Pro
USR_00202,2025-01-12,79.0,Pro
USR_00203,2025-01-19,79.0,Pro
USR_00203,2025-02-18,29.0,Basic
USR_00203,2025-03-20,29.0,Basic
USR_00203,2025-04-19,29.0,Basic
USR_00204,2025-09-13,29.0,Basic
USR_00204,2025-10-13,29.0,Basic
USR_00204,2025-11-12,79.0,Pro
USR_00205,2025-03-07,79.0,Pro
USR_00205,2025-04-06,79.0,Pro
USR_00205,2025-05-06,29.0,Basic
USR_00205,2025-06-05,29.0,Basic
USR_00206,2025-10-04,29.0,Basic
USR_00206,2025-11-03,29.0,Basic
USR_00206,2025-12-03,29.0,Basic
USR_00207,2025-06-25,29.0,Basic
USR_00207,2025-07-25,79.0,Pro
USR_00207,2025-08-24,29.0,Basic
USR_00208,2025-02-05,79.0,Pro
USR_00208,2025-03-07,29.0,Basic
USR_00208,2025-04-06,29.0,Basic
USR_00208,2025-05-06,29.0,Basic
USR_00208,2025-06-05,79.0,Pro
USR_00209,2025-05-23,79.0,Pro
USR_00209,2025-06-22,199.0,Enterprise
USR_00210,2025-03-16,29.0,Basic
USR_00210,2025-04-15,29.0,Basic
USR_00211,2025-05-20,199.0,Enterprise
USR_00211,2025-06-19,29.0,Basic
USR_00211,2025-07-19,79.0,Pro
USR_00211,2025-08-18,199.0,Enterprise
USR_00212,2025-07-11,29.0,Basic
USR_00213,2025-08-15,29.0,Basic
USR_00214,2025-04-22,29.0,Basic
USR_00214,2025-05-22,79.0,Pro
USR_00215,2025-07-21,79.0,Pro
USR_00215,2025-08-20,29.0,Basic
USR_00215,2025-09-19,29.0,Basic
USR_00216,2025-08-22,29.0,Basic
USR_00217,2025-02-23,29.0,Basic
USR_00217,2025-03-25,29.0,Basic
USR_00217,2025-04-24,29.0,Basic
USR_00217,2025-05-24,29.0,Basic
USR_00218,2025-01-31,29.0,Basic
USR_00218,2025-03-02,79.0,Pro
USR_00219,2025-10-06,29.0,Basic
USR_00219,2025-11-05,199.0,Enterprise
USR_00219,2025-12-05,79.0,Pro
USR_00220,2025-03-11,79.0,Pro
USR_00220,2025-04-10,199.0,Enterprise
USR_00220,2025-05-10,29.0,Basic
USR_00221,2025-10-04,29.0,Basic
USR_00221,2025-11-03,29.0,Basic
USR_00221,2025-12-03,29.0,Basic
USR_00222,2025-06-08,29.0,Basic
USR_00223,2025-05-12,29.0,Basic
USR_00224,2025-02-02,29.0,Basic
USR_00224,2025-03-04,79.0,Pro
USR_00225,2025-02-05,79.0,Pro
USR_00225,2025-03-07,29.0,Basic
USR_00225,2025-04-06,199.0,Enterprise
USR_00225,2025-05-06,79.0,Pro
USR_00225,2025-06-05,29.0,Basic
USR_00225,2025-07-05,29.0,Basic
USR_00226,2025-01-16,79.0,Pro
USR_00227,2025-07-27,29.0,Basic
USR_00227,2025-08-26,79.0,Pro
USR_00227,2025-09-25,79.0,Pro
USR_00227,2025-10-25,29.0,Basic
USR_00228,2025-01-21,79.0,Pro
USR_00228,2025-02-20,29.0,Basic
USR_00228,2025-03-22,29.0,Basic
USR_00228,2025-04-21,29.0,Basic
USR_00229,2025-08-29,29.0,Basic
USR_00229,2025-09-28,79.0,Pro
USR_00229,2025-10-28,199.0,Enterprise
USR_00230,2025-06-27,29.0,Basic
USR_00231,2025-10-03,29.0,Basic
USR_00232,2025-06-02,29.0,Basic
USR_00232,2025-07-02,29.0,Basic
USR_00232,2025-08-01,79.0,Pro
USR_00232,2025-08-31,199.0,Enterprise
USR_00233,2025-08-30,79.0,Pro
USR_00234,2025-01-14,79.0,Pro
USR_00234,2025-02-13,199.0,Enterprise
USR_00235,2025-05-02,29.0,Basic
USR_00235,2025-06-01,199.0,Enterprise
USR_00236,2025-04-18,79.0,Pro
USR_00236,2025-05-18,29.0,Basic
USR_00237,2025-07-18,29.0,Basic
USR_00237,2025-08-17,29.0,Basic
USR_00237,2025-09-16,79.0,Pro
USR_00238,2025-09-20,29.0,Basic
USR_00238,2025-10-20,29.0,Basic
USR_00238,2025-11-19,79.0,Pro
USR_00238,2025-12-19,29.0,Basic
USR_00239,2025-07-07,79.0,Pro
USR_00239,2025-08-06,79.0,Pro
USR_00239,2025-09-05,29.0,Basic
USR_00239,2025-10-05,79.0,Pro
USR_00239,2025-11-04,29.0,Basic
USR_00239,2025-12-04,29.0,Basic
USR_00240,2025-07-04,199.0,Enterprise
USR_00240,2025-08-03,29.0,Basic
USR_00240,2025-09-02,79.0,Pro
USR_00241,2025-07-25,79.0,Pro
USR_00241,2025-08-24,79.0,Pro
USR_00242,2025-05-18,29.0,Basic
USR_00242,2025-06-17,29.0,Basic
USR_00243,2025-05-20,29.0,Basic
USR_00243,2025-06-19,79.0,Pro
USR_00243,2025-07-19,79.0,Pro
USR_00244,2025-04-06,199.0,Enterprise
USR_00244,2025-05-06,29.0,Basic
USR_00245,2025-08-29,29.0,Basic
USR_00245,2025-09-28,199.0,Enterprise
USR_00245,2025-10-28,79.0,Pro
USR_00246,2025-07-01,29.0,Basic
USR_00246,2025-07-31,79.0,Pro
USR_00246,2025-08-30,79.0,Pro
USR_00246,2025-09-29,199.0,Enterprise
USR_00247,2025-08-11,79.0,Pro
USR_00247,2025-09-10,79.0,Pro
USR_00247,2025-10-10,29.0,Basic
USR_00248,2025-08-24,199.0,Enterprise
USR_00249,2025-03-08,29.0,Basic
USR_00249,2025-04-07,29.0,Basic
USR_00250,2025-08-08,29.0,Basic
USR_00251,2025-08-06,29.0,Basic
USR_00251,2025-09-05,29.0,Basic
USR_00251,2025-10-05,79.0,Pro
USR_00252,2025-10-20,199.0,Enterprise
USR_00253,2025-07-31,29.0,Basic
USR_00253,2025-08-30,79.0,Pro
USR_00254,2025-10-12,29.0,Basic
USR_00254,2025-11-11,29.0,Basic
USR_00255,2025-10-22,29.0,Basic
USR_00256,2025-03-15,199.0,Enterprise
USR_00257,2025-07-06,199.0,Enterprise
USR_00257,2025-08-05,79.0,Pro
USR_00257,2025-09-04,79.0,Pro
USR_00258,2025-07-22,29.0,Basic
USR_00258,2025-08-21,199.0,Enterprise
USR_00259,2025-02-01,79.0,Pro
USR_00260,2025-03-24,79.0,Pro
USR_00260,2025-04-23,29.0,Basic
USR_00260,2025-05-23,29.0,Basic
USR_00260,2025-06-22,79.0,Pro
USR_00261,2025-09-02,29.0,Basic
USR_00261,2025-10-02,29.0,Basic
USR_00262,2025-01-04,29.0,Basic
USR_00263,2025-09-07,79.0,Pro
USR_00263,2025-10-07,79.0,Pro
USR_00263,2025-11-06,29.0,Basic
USR_00263,2025-12-06,79.0,Pro
USR_00264,2025-10-19,29.0,Basic
USR_00264,2025-11-18,79.0,Pro
USR_00264,2025-12-18,79.0,Pro
USR_00265,2025-07-05,199.0,Enterprise
USR_00265,2025-08-04,29.0,Basic
USR_00265,2025-09-03,79.0,Pro
USR_00265,2025-10-03,29.0,Basic
USR_00265,2025-11-02,79.0,Pro
USR_00265,2025-12-02,79.0,Pro
USR_00266,2025-04-28,29.0,Basic
USR_00266,2025-05-28,29.0,Basic
USR_00266,2025-06-27,29.0,Basic
USR_00266,2025-07-27,29.0,Basic
USR_00267,2025-07-31,79.0,Pro
USR_00267,2025-08-30,29.0,Basic
USR_00267,2025-09-29,29.0,Basic
USR_00268,2025-10-03,79.0,Pro
USR_00268,2025-11-02,29.0,Basic
USR_00268,2025-12-02,79.0,Pro
USR_00269,2025-01-18,29.0,Basic
USR_00270,2025-09-25,29.0,Basic
USR_00270,2025-10-25,29.0,Basic
USR_00270,2025-11-24,79.0,Pro
USR_00271,2025-07-08,29.0,Basic
USR_00271,2025-08-07,199.0,Enterprise
USR_00271,2025-09-06,79.0,Pro
USR_00271,2025-10-06,29.0,Basic
USR_00272,2025-03-22,79.0,Pro
USR_00272,2025-04-21,29.0,Basic
USR_00273,2025-04-17,199.0,Enterprise
USR_00273,2025-05-17,79.0,Pro
USR_00273,2025-06-16,199.0,Enterprise
USR_00274,2025-08-23,29.0,Basic
USR_00274,2025-09-22,29.0,Basic
USR_00274,2025-10-22,199.0,Enterprise
USR_00275,2025-05-24,29.0,Basic
USR_00275,2025-06-23,29.0,Basic
USR_00276,2025-08-08,79.0,Pro
USR_00276,2025-09-07,79.0,Pro
USR_00276,2025-10-07,29.0,Basic
USR_00276,2025-11-06,29.0,Basic
USR_00277,2025-09-18,29.0,Basic
USR_00277,2025-10-18,79.0,Pro
USR_00277,2025-11-17,79.0,Pro
USR_00278,2025-07-20,29.0,Basic
USR_00278,2025-08-19,79.0,Pro
USR_00279,2025-02-04,29.0,Basic
USR_00279,2025-03-06,29.0,Basic
USR_00280,2025-09-06,79.0,Pro
USR_00280,2025-10-06,29.0,Basic
USR_00281,2025-01-17,29.0,Basic
USR_00281,2025-02-16,29.0,Basic
USR_00281,2025-03-18,29.0,Basic
USR_00281,2025-04-17,29.0,Basic
USR_00282,2025-10-18,79.0,Pro
USR_00282,2025-11-17,29.0,Basic
USR_00283,2025-03-08,29.0,Basic
USR_00283,2025-04-07,79.0,Pro
USR_00283,2025-05-07,29.0,Basic
USR_00284,2025-07-20,29.0,Basic
USR_00285,2025-06-14,79.0,Pro
USR_00286,2025-09-05,79.0,Pro
USR_00286,2025-10-05,29.0,Basic
USR_00286,2025-11-04,199.0,Enterprise
USR_00286,2025-12-04,29.0,Basic
USR_00287,2025-06-06,79.0,Pro
USR_00287,2025-07-06,79.0,Pro
USR_00288,2025-08-10,29.0,Basic
USR_00289,2025-04-05,79.0,Pro
USR_00289,2025-05-05,199.0,Enterprise
USR_00289,2025-06-04,29.0,Basic
USR_00290,2025-02-06,29.0,Basic
USR_00291,2025-08-04,29.0,Basic
USR_00291,2025-09-03,79.0,Pro
USR_00292,2025-05-04,199.0,Enterprise
USR_00293,2025-09-09,29.0,Basic
USR_00294,2025-07-20,79.0,Pro
USR_00294,2025-08-19,79.0,Pro
USR_00294,2025-09-18,29.0,Basic
USR_00294,2025-10-18,29.0,Basic
USR_00295,2025-09-17,29.0,Basic
USR_00295,2025-10-17,29.0,Basic
USR_00296,2025-04-06,79.0,Pro
USR_00296,2025-05-06,29.0,Basic
USR_00297,2025-09-18,79.0,Pro
USR_00298,2025-10-13,79.0,Pro
USR_00298,2025-11-12,29.0,Basic
USR_00298,2025-12-12,29.0,Basic
USR_00299,2025-02-25,29.0,Basic
USR_00299,2025-03-27,79.0,Pro
USR_00300,2025-03-02,79.0,Pro
USR_00300,2025-04-01,79.0,Pro
USR_00300,2025-05-01,29.0,Basic
USR_00301,2025-01-08,29.0,Basic
USR_00301,2025-02-07,79.0,Pro
USR_00301,2025-03-09,29.0,Basic
USR_00301,2025-04-08,79.0,Pro
USR_00302,2025-04-14,29.0,Basic
USR_00302,2025-05-14,29.0,Basic
USR_00303,2025-03-02,29.0,Basic
USR_00303,2025-04-01,29.0,Basic
USR_00303,2025-05-01,29.0,Basic
USR_00303,2025-05-31,29.0,Basic
USR_00303,2025-06-30,79.0,Pro
USR_00303,2025-07-30,29.0,Basic
USR_00303,2025-08-29,29.0,Basic
USR_00304,2025-06-15,199.0,Enterprise
USR_00304,2025-07-15,79.0,Pro
USR_00305,2025-07-13,29.0,Basic
USR_00305,2025-08-12,29.0,Basic
USR_00306,2025-08-04,29.0,Basic
USR_00306,2025-09-03,29.0,Basic
USR_00307,2025-04-25,29.0,Basic
USR_00307,2025-05-25,79.0,Pro
USR_00307,2025-06-24,29.0,Basic
USR_00308,2025-02-08,29.0,Basic
USR_00309,2025-07-15,79.0,Pro
USR_00309,2025-08-14,29.0,Basic
USR_00310,2025-02-20,29.0,Basic
USR_00311,2025-03-13,29.0,Basic
USR_00312,2025-04-03,79.0,Pro
USR_00312,2025-05-03,29.0,Basic
USR_00312,2025-06-02,29.0,Basic
USR_00312,2025-07-02,79.0,Pro
USR_00313,2025-10-17,79.0,Pro
USR_00313,2025-11-16,29.0,Basic
USR_00314,2025-04-23,29.0,Basic
USR_00314,2025-05-23,29.0,Basic
USR_00315,2025-02-23,79.0,Pro
USR_00315,2025-03-25,79.0,Pro
USR_00315,2025-04-24,29.0,Basic
USR_00315,2025-05-24,29.0,Basic
USR_00315,2025-06-23,29.0,Basic
USR_00315,2025-07-23,199.0,Enterprise
USR_00316,2025-01-03,79.0,Pro
USR_00316,2025-02-02,29.0,Basic
USR_00317,2025-06-16,29.0,Basic
USR_00317,2025-07-16,29.0,Basic
USR_00317,2025-08-15,79.0,Pro
USR_00318,2025-10-08,29.0,Basic
USR_00319,2025-01-09,29.0,Basic
USR_00320,2025-07-08,79.0,Pro
USR_00320,2025-08-07,29.0,Basic
USR_00321,2025-01-08,29.0,Basic
USR_00322,2025-05-13,29.0,Basic
USR_00323,2025-07-27,29.0,Basic
USR_00323,2025-08-26,29.0,Basic
USR_00323,2025-09-25,29.0,Basic
USR_00323,2025-10-25,79.0,Pro
USR_00323,2025-11-24,29.0,Basic
USR_00323,2025-12-24,29.0,Basic
USR_00324,2025-03-16,79.0,Pro
USR_00324,2025-04-15,29.0,Basic
USR_00324,2025-05-15,199.0,Enterprise
USR_00325,2025-09-07,29.0,Basic
USR_00325,2025-10-07,79.0,Pro
USR_00326,2025-09-04,79.0,Pro
USR_00326,2025-10-04,199.0,Enterprise
USR_00326,2025-11-03,29.0,Basic
USR_00326,2025-12-03,29.0,Basic
USR_00327,2025-03-12,29.0,Basic
USR_00327,2025-04-11,29.0,Basic
USR_00327,2025-05-11,29.0,Basic
USR_00328,2025-09-03,79.0,Pro
USR_00328,2025-10-03,79.0,Pro
USR_00328,2025-11-02,29.0,Basic
USR_00329,2025-02-02,29.0,Basic
USR_00329,2025-03-04,29.0,Basic
USR_00330,2025-10-24,79.0,Pro
USR_00330,2025-11-23,29.0,Basic
USR_00330,2025-12-23,29.0,Basic
USR_00331,2025-04-05,29.0,Basic
USR_00331,2025-05-05,29.0,Basic
USR_00331,2025-06-04,79.0,Pro
USR_00331,2025-07-04,29.0,Basic
USR_00331,2025-08-03,29.0,Basic
USR_00332,2025-05-08,29.0,Basic
USR_00333,2025-01-04,199.0,Enterprise
USR_00333,2025-02-03,199.0,Enterprise
USR_00334,2025-04-26,29.0,Basic
USR_00334,2025-05-26,29.0,Basic
USR_00334,2025-06-25,79.0,Pro
USR_00335,2025-10-02,29.0,Basic
USR_00335,2025-11-01,29.0,Basic
USR_00335,2025-12-01,199.0,Enterprise
USR_00336,2025-09-14,79.0,Pro
USR_00336,2025-10-14,29.0,Basic
USR_00337,2025-06-03,29.0,Basic
USR_00337,2025-07-03,29.0,Basic
USR_00337,2025-08-02,79.0,Pro
USR_00337,2025-09-01,79.0,Pro
USR_00338,2025-10-14,79.0,Pro
USR_00338,2025-11-13,79.0,Pro
USR_00338,2025-12-13,29.0,Basic
USR_00339,2025-08-01,79.0,Pro
USR_00339,2025-08-31,79.0,Pro
USR_00340,2025-02-07,79.0,Pro
USR_00340,2025-03-09,79.0,Pro
USR_00340,2025-04-08,79.0,Pro
USR_00341,2025-06-18,29.0,Basic
USR_00341,2025-07-18,29.0,Basic
USR_00341,2025-08-17,29.0,Basic
USR_00342,2025-07-27,79.0,Pro
USR_00342,2025-08-26,29.0,Basic
USR_00343,2025-03-20,29.0,Basic
USR_00343,2025-04-19,29.0,Basic
USR_00343,2025-05-19,29.0,Basic
USR_00344,2025-08-21,29.0,Basic
USR_00344,2025-09-20,29.0,Basic
USR_00345,2025-02-27,79.0,Pro
USR_00345,2025-03-29,199.0,Enterprise
USR_00345,2025-04-28,29.0,Basic
USR_00346,2025-01-17,79.0,Pro
USR_00346,2025-02-16,79.0,Pro
USR_00346,2025-03-18,29.0,Basic
USR_00346,2025-04-17,199.0,Enterprise
USR_00346,2025-05-17,29.0,Basic
USR_00347,2025-03-23,79.0,Pro
USR_00347,2025-04-22,79.0,Pro
USR_00347,2025-05-22,79.0,Pro
USR_00348,2025-03-20,199.0,Enterprise
USR_00348,2025-04-19,29.0,Basic
USR_00348,2025-05-19,29.0,Basic
USR_00349,2025-05-13,79.0,Pro
USR_00349,2025-06-12,79.0,Pro
USR_00350,2025-02-07,79.0,Pro
USR_00350,2025-03-09,79.0,Pro
USR_00350,2025-04-08,29.0,Basic
USR_00351,2025-02-12,29.0,Basic
USR_00351,2025-03-14,29.0,Basic
USR_00351,2025-04-13,79.0,Pro
USR_00352,2025-02-01,79.0,Pro
USR_00352,2025-03-03,79.0,Pro
USR_00352,2025-04-02,29.0,Basic
USR_00352,2025-05-02,29.0,Basic
USR_00352,2025-06-01,29.0,Basic
USR_00353,2025-01-09,29.0,Basic
USR_00353,2025-02-08,29.0,Basic
USR_00354,2025-01-23,29.0,Basic
USR_00354,2025-02-22,79.0,Pro
USR_00354,2025-03-24,79.0,Pro
USR_00354,2025-04-23,79.0,Pro
USR_00355,2025-08-13,29.0,Basic
USR_00355,2025-09-12,79.0,Pro
USR_00355,2025-10-12,29.0,Basic
USR_00355,2025-11-11,29.0,Basic
USR_00356,2025-09-09,29.0,Basic
USR_00356,2025-10-09,79.0,Pro
USR_00357,2025-06-05,29.0,Basic
USR_00357,2025-07-05,29.0,Basic
USR_00358,2025-08-29,29.0,Basic
USR_00359,2025-04-04,199.0,Enterprise
USR_00359,2025-05-04,29.0,Basic
USR_00360,2025-03-06,29.0,Basic
USR_00360,2025-04-05,199.0,Enterprise
USR_00361,2025-07-09,29.0,Basic
USR_00362,2025-05-01,29.0,Basic
USR_00362,2025-05-31,199.0,Enterprise
USR_00362,2025-06-30,29.0,Basic
USR_00363,2025-05-10,29.0,Basic
USR_00363,2025-06-09,79.0,Pro
USR_00364,2025-02-13,29.0,Basic
USR_00365,2025-02-04,79.0,Pro
USR_00365,2025-03-06,79.0,Pro
USR_00365,2025-04-05,79.0,Pro
USR_00365,2025-05-05,79.0,Pro
USR_00366,2025-02-08,79.0,Pro
USR_00367,2025-06-11,79.0,Pro
USR_00367,2025-07-11,29.0,Basic
USR_00367,2025-08-10,29.0,Basic
USR_00368,2025-01-22,29.0,Basic
USR_00368,2025-02-21,79.0,Pro
USR_00368,2025-03-23,199.0,Enterprise
USR_00369,2025-01-04,29.0,Basic
USR_00369,2025-02-03,29.0,Basic
USR_00370,2025-04-24,79.0,Pro
USR_00370,2025-05-24,29.0,Basic
USR_00371,2025-07-27,29.0,Basic
USR_00371,2025-08-26,79.0,Pro
USR_00372,2025-10-24,29.0,Basic
USR_00372,2025-11-23,29.0,Basic
USR_00372,2025-12-23,29.0,Basic
USR_00373,2025-07-25,79.0,Pro
USR_00373,2025-08-24,29.0,Basic
USR_00374,2025-07-03,29.0,Basic
USR_00375,2025-01-23,29.0,Basic
USR_00375,2025-02-22,29.0,Basic
USR_00375,2025-03-24,29.0,Basic
USR_00375,2025-04-23,29.0,Basic
USR_00376,2025-07-11,199.0,Enterprise
USR_00377,2025-05-24,29.0,Basic
USR_00378,2025-06-08,79.0,Pro
USR_00378,2025-07-08,79.0,Pro
USR_00379,2025-03-12,29.0,Basic
USR_00380,2025-01-17,29.0,Basic
USR_00380,2025-02-16,29.0,Basic
USR_00380,2025-03-18,79.0,Pro
USR_00380,2025-04-17,199.0,Enterprise
USR_00380,2025-05-17,29.0,Basic
USR_00380,2025-06-16,29.0,Basic
USR_00380,2025-07-16,79.0,Pro
USR_00380,2025-08-15,199.0,Enterprise
USR_00381,2025-06-05,79.0,Pro
USR_00381,2025-07-05,29.0,Basic
USR_00381,2025-08-04,29.0,Basic
USR_00382,2025-08-10,79.0,Pro
USR_00382,2025-09-09,199.0,Enterprise
USR_00382,2025-10-09,29.0,Basic
USR_00382,2025-11-08,29.0,Basic
USR_00383,2025-08-25,29.0,Basic
USR_00383,2025-09-24,29.0,Basic
USR_00383,2025-10-24,29.0,Basic
USR_00383,2025-11-23,199.0,Enterprise
USR_00383,2025-12-23,79.0,Pro
USR_00384,2025-02-16,29.0,Basic
USR_00385,2025-07-07,29.0,Basic
USR_00386,2025-01-11,29.0,Basic
USR_00386,2025-02-10,79.0,Pro
USR_00386,2025-03-12,29.0,Basic
USR_00386,2025-04-11,29.0,Basic
USR_00387,2025-10-08,79.0,Pro
USR_00387,2025-11-07,29.0,Basic
USR_00388,2025-06-04,29.0,Basic
USR_00389,2025-10-01,29.0,Basic
USR_00390,2025-03-02,79.0,Pro
USR_00390,2025-04-01,29.0,Basic
USR_00391,2025-03-04,29.0,Basic
USR_00391,2025-04-03,79.0,Pro
USR_00391,2025-05-03,29.0,Basic
USR_00391,2025-06-02,79.0,Pro
USR_00391,2025-07-02,29.0,Basic
USR_00392,2025-04-23,29.0,Basic
USR_00392,2025-05-23,29.0,Basic
USR_00392,2025-06-22,79.0,Pro
USR_00392,2025-07-22,199.0,Enterprise
USR_00393,2025-08-17,29.0,Basic
USR_00394,2025-07-14,79.0,Pro
USR_00394,2025-08-13,79.0,Pro
USR_00395,2025-04-15,29.0,Basic
USR_00395,2025-05-15,29.0,Basic
USR_00395,2025-06-14,29.0,Basic
USR_00396,2025-04-26,29.0,Basic
USR_00396,2025-05-26,79.0,Pro
USR_00397,2025-04-02,29.0,Basic
USR_00397,2025-05-02,29.0,Basic
USR_00397,2025-06-01,29.0,Basic
USR_00397,2025-07-01,199.0,Enterprise
USR_00397,2025-07-31,29.0,Basic
USR_00398,2025-09-25,29.0,Basic
USR_00399,2025-07-06,29.0,Basic
USR_00399,2025-08-05,29.0,Basic
USR_00400,2025-06-18,79.0,Pro
USR_00401,2025-07-25,29.0,Basic
USR_00401,2025-08-24,79.0,Pro
USR_00401,2025-09-23,29.0,Basic
USR_00402,2025-06-03,79.0,Pro
USR_00402,2025-07-03,29.0,Basic
USR_00402,2025-08-02,29.0,Basic
USR_00402,2025-09-01,79.0,Pro
USR_00402,2025-10-01,79.0,Pro
USR_00403,2025-10-19,79.0,Pro
USR_00403,2025-11-18,79.0,Pro
USR_00404,2025-06-16,29.0,Basic
USR_00404,2025-07-16,199.0,Enterprise
USR_00405,2025-08-13,29.0,Basic
USR_00406,2025-07-25,79.0,Pro
USR_00406,2025-08-24,79.0,Pro
USR_00406,2025-09-23,29.0,Basic
USR_00406,2025-10-23,199.0,Enterprise
USR_00407,2025-01-12,29.0,Basic
USR_00407,2025-02-11,29.0,Basic
USR_00407,2025-03-13,29.0,Basic
USR_00407,2025-04-12,199.0,Enterprise
USR_00407,2025-05-12,79.0,Pro
USR_00407,2025-06-11,79.0,Pro
USR_00408,2025-02-22,79.0,Pro
USR_00409,2025-08-29,29.0,Basic
USR_00409,2025-09-28,79.0,Pro
USR_00410,2025-03-20,29.0,Basic
USR_00411,2025-04-04,29.0,Basic
USR_00412,2025-09-02,29.0,Basic
USR_00413,2025-02-15,79.0,Pro
USR_00413,2025-03-17,29.0,Basic
USR_00413,2025-04-16,29.0,Basic
USR_00413,2025-05-16,29.0,Basic
USR_00413,2025-06-15,199.0,Enterprise
USR_00413,2025-07-15,79.0,Pro
USR_00414,2025-08-25,29.0,Basic
USR_00414,2025-09-24,79.0,Pro
USR_00414,2025-10-24,29.0,Basic
USR_00414,2025-11-23,199.0,Enterprise
USR_00415,2025-07-14,79.0,Pro
USR_00416,2025-08-18,29.0,Basic
USR_00416,2025-09-17,199.0,Enterprise
USR_00416,2025-10-17,29.0,Basic
USR_00416,2025-11-16,199.0,Enterprise
USR_00416,2025-12-16,29.0,Basic
USR_00417,2025-05-18,29.0,Basic
USR_00417,2025-06-17,29.0,Basic
USR_00417,2025-07-17,29.0,Basic
USR_00417,2025-08-16,29.0,Basic
USR_00417,2025-09-15,79.0,Pro
USR_00418,2025-07-06,199.0,Enterprise
USR_00418,2025-08-05,29.0,Basic
USR_00419,2025-03-21,29.0,Basic
USR_00419,2025-04-20,79.0,Pro
USR_00419,2025-05-20,29.0,Basic
USR_00420,2025-06-08,29.0,Basic
USR_00420,2025-07-08,29.0,Basic
USR_00420,2025-08-07,29.0,Basic
USR_00421,2025-06-18,29.0,Basic
USR_00421,2025-07-18,79.0,Pro
USR_00421,2025-08-17,29.0,Basic
USR_00421,2025-09-16,29.0,Basic
USR_00421,2025-10-16,29.0,Basic
USR_00422,2025-04-09,29.0,Basic
USR_00422,2025-05-09,199.0,Enterprise
USR_00422,2025-06-08,29.0,Basic
USR_00422,2025-07-08,29.0,Basic
USR_00423,2025-09-25,79.0,Pro
USR_00423,2025-10-25,29.0,Basic
USR_00424,2025-01-11,29.0,Basic
USR_00424,2025-02-10,29.0,Basic
USR_00424,2025-03-12,79.0,Pro
USR_00425,2025-01-25,29.0,Basic
USR_00426,2025-02-02,29.0,Basic
USR_00426,2025-03-04,29.0,Basic
USR_00426,2025-04-03,79.0,Pro
USR_00427,2025-04-27,79.0,Pro
USR_00427,2025-05-27,29.0,Basic
USR_00427,2025-06-26,199.0,Enterprise
USR_00427,2025-07-26,79.0,Pro
USR_00428,2025-06-10,29.0,Basic
USR_00428,2025-07-10,79.0,Pro
USR_00429,2025-08-25,79.0,Pro
USR_00429,2025-09-24,79.0,Pro
USR_00429,2025-10-24,29.0,Basic
USR_00430,2025-05-15,79.0,Pro
USR_00430,2025-06-14,29.0,Basic
USR_00430,2025-07-14,29.0,Basic
USR_00431,2025-06-23,29.0,Basic
USR_00431,2025-07-23,29.0,Basic
USR_00431,2025-08-22,29.0,Basic
USR_00431,2025-09-21,29.0,Basic
USR_00431,2025-10-21,29.0,Basic
USR_00432,2025-07-02,79.0,Pro
USR_00432,2025-08-01,29.0,Basic
USR_00432,2025-08-31,29.0,Basic
USR_00432,2025-09-30,29.0,Basic
USR_00432,2025-10-30,29.0,Basic
USR_00433,2025-09-10,199.0,Enterprise
USR_00434,2025-04-14,29.0,Basic
USR_00435,2025-01-17,29.0,Basic
USR_00435,2025-02-16,29.0,Basic
USR_00435,2025-03-18,79.0,Pro
USR_00436,2025-01-12,79.0,Pro
USR_00436,2025-02-11,79.0,Pro
USR_00436,2025-03-13,79.0,Pro
USR_00436,2025-04-12,79.0,Pro
USR_00436,2025-05-12,29.0,Basic
USR_00436,2025-06-11,29.0,Basic
USR_00437,2025-06-11,29.0,Basic
USR_00437,2025-07-11,29.0,Basic
USR_00437,2025-08-10,79.0,Pro
USR_00437,2025-09-09,29.0,Basic
USR_00437,2025-10-09,29.0,Basic
USR_00438,2025-07-22,29.0,Basic
USR_00438,2025-08-21,79.0,Pro
USR_00439,2025-09-12,79.0,Pro
USR_00439,2025-10-12,29.0,Basic
USR_00440,2025-02-01,79.0,Pro
USR_00440,2025-03-03,29.0,Basic
USR_00440,2025-04-02,79.0,Pro
USR_00440,2025-05-02,29.0,Basic
USR_00440,2025-06-01,79.0,Pro
USR_00440,2025-07-01,29.0,Basic
USR_00441,2025-07-25,29.0,Basic
USR_00441,2025-08-24,79.0,Pro
USR_00441,2025-09-23,29.0,Basic
USR_00442,2025-05-11,29.0,Basic
USR_00442,2025-06-10,79.0,Pro
USR_00442,2025-07-10,79.0,Pro
USR_00443,2025-09-16,29.0,Basic
USR_00443,2025-10-16,29.0,Basic
USR_00444,2025-09-10,29.0,Basic
USR_00444,2025-10-10,79.0,Pro
USR_00444,2025-11-09,29.0,Basic
USR_00444,2025-12-09,29.0,Basic
USR_00445,2025-06-11,79.0,Pro
USR_00446,2025-04-25,29.0,Basic
USR_00446,2025-05-25,199.0,Enterprise
USR_00446,2025-06-24,199.0,Enterprise
USR_00446,2025-07-24,29.0,Basic
USR_00446,2025-08-23,79.0,Pro
USR_00447,2025-07-03,79.0,Pro
USR_00447,2025-08-02,79.0,Pro
USR_00447,2025-09-01,29.0,Basic
USR_00448,2025-01-09,79.0,Pro
USR_00449,2025-09-01,29.0,Basic
USR_00449,2025-10-01,79.0,Pro
USR_00450,2025-10-17,79.0,Pro
USR_00450,2025-11-16,79.0,Pro
USR_00450,2025-12-16,29.0,Basic
USR_00451,2025-06-25,79.0,Pro
USR_00451,2025-07-25,79.0,Pro
USR_00452,2025-05-21,29.0,Basic
USR_00452,2025-06-20,79.0,Pro
USR_00452,2025-07-20,29.0,Basic
USR_00452,2025-08-19,29.0,Basic
USR_00452,2025-09-18,29.0,Basic
USR_00453,2025-01-26,29.0,Basic
USR_00453,2025-02-25,79.0,Pro
USR_00454,2025-06-24,199.0,Enterprise
USR_00454,2025-07-24,29.0,Basic
USR_00454,2025-08-23,29.0,Basic
USR_00455,2025-04-07,79.0,Pro
USR_00456,2025-04-23,79.0,Pro
USR_00456,2025-05-23,79.0,Pro
USR_00456,2025-06-22,29.0,Basic
USR_00456,2025-07-22,29.0,Basic
USR_00456,2025-08-21,79.0,Pro
USR_00457,2025-08-12,29.0,Basic
USR_00458,2025-08-06,29.0,Basic
USR_00458,2025-09-05,29.0,Basic
USR_00459,2025-01-22,199.0,Enterprise
USR_00459,2025-02-21,199.0,Enterprise
USR_00460,2025-09-30,29.0,Basic
USR_00460,2025-10-30,29.0,Basic
USR_00460,2025-11-29,29.0,Basic
USR_00461,2025-05-19,29.0,Basic
USR_00461,2025-06-18,29.0,Basic
USR_00461,2025-07-18,29.0,Basic
USR_00462,2025-01-04,79.0,Pro
USR_00462,2025-02-03,29.0,Basic
USR_00463,2025-05-10,29.0,Basic
USR_00463,2025-06-09,79.0,Pro
USR_00464,2025-09-17,79.0,Pro
USR_00464,2025-10-17,29.0,Basic
USR_00464,2025-11-16,79.0,Pro
USR_00464,2025-12-16,29.0,Basic
USR_00465,2025-02-03,29.0,Basic
USR_00466,2025-02-26,29.0,Basic
USR_00467,2025-05-12,79.0,Pro
USR_00467,2025-06-11,79.0,Pro
USR_00467,2025-07-11,29.0,Basic
USR_00468,2025-04-01,79.0,Pro
USR_00468,2025-05-01,79.0,Pro
USR_00469,2025-02-19,29.0,Basic
USR_00469,2025-03-21,29.0,Basic
USR_00469,2025-04-20,79.0,Pro
USR_00470,2025-08-24,29.0,Basic
USR_00470,2025-09-23,29.0,Basic
USR_00471,2025-10-08,29.0,Basic
USR_00471,2025-11-07,29.0,Basic
USR_00471,2025-12-07,29.0,Basic
USR_00472,2025-04-20,79.0,Pro
USR_00472,2025-05-20,29.0,Basic
USR_00473,2025-08-14,79.0,Pro
USR_00474,2025-08-31,29.0,Basic
USR_00474,2025-09-30,79.0,Pro
USR_00475,2025-05-14,29.0,Basic
USR_00476,2025-01-17,199.0,Enterprise
USR_00476,2025-02-16,29.0,Basic
USR_00476,2025-03-18,29.0,Basic
USR_00476,2025-04-17,29.0,Basic
USR_00476,2025-05-17,29.0,Basic
USR_00476,2025-06-16,29.0,Basic
USR_00477,2025-09-05,29.0,Basic
USR_00477,2025-10-05,29.0,Basic
USR_00478,2025-08-26,29.0,Basic
USR_00478,2025-09-25,29.0,Basic
USR_00479,2025-10-19,79.0,Pro
USR_00479,2025-11-18,199.0,Enterprise
USR_00479,2025-12-18,29.0,Basic
USR_00480,2025-07-10,79.0,Pro
USR_00480,2025-08-09,29.0,Basic
USR_00480,2025-09-08,29.0,Basic
USR_00481,2025-07-16,199.0,Enterprise
USR_00481,2025-08-15,79.0,Pro
USR_00481,2025-09-14,29.0,Basic
USR_00481,2025-10-14,29.0,Basic
USR_00482,2025-08-15,29.0,Basic
USR_00482,2025-09-14,79.0,Pro
USR_00483,2025-09-05,29.0,Basic
USR_00483,2025-10-05,79.0,Pro
USR_00483,2025-11-04,29.0,Basic
USR_00484,2025-07-24,29.0,Basic
USR_00484,2025-08-23,29.0,Basic
USR_00485,2025-08-11,79.0,Pro
USR_00485,2025-09-10,79.0,Pro
USR_00485,2025-10-10,79.0,Pro
USR_00485,2025-11-09,199.0,Enterprise
USR_00486,2025-06-05,29.0,Basic
USR_00486,2025-07-05,29.0,Basic
USR_00486,2025-08-04,199.0,Enterprise
USR_00486,2025-09-03,29.0,Basic
USR_00487,2025-09-03,79.0,Pro
USR_00487,2025-10-03,29.0,Basic
USR_00488,2025-05-20,29.0,Basic
USR_00488,2025-06-19,79.0,Pro
USR_00488,2025-07-19,29.0,Basic
USR_00488,2025-08-18,79.0,Pro
USR_00489,2025-04-20,29.0,Basic
USR_00489,2025-05-20,29.0,Basic
USR_00489,2025-06-19,29.0,Basic
USR_00490,2025-07-13,199.0,Enterprise
USR_00490,2025-08-12,29.0,Basic
USR_00490,2025-09-11,79.0,Pro
USR_00491,2025-07-01,29.0,Basic
USR_00491,2025-07-31,199.0,Enterprise
USR_00491,2025-08-30,79.0,Pro
USR_00491,2025-09-29,79.0,Pro
USR_00492,2025-07-16,79.0,Pro
USR_00493,2025-10-09,29.0,Basic
USR_00493,2025-11-08,29.0,Basic
USR_00493,2025-12-08,79.0,Pro
USR_00494,2025-01-12,29.0,Basic
USR_00494,2025-02-11,29.0,Basic
USR_00495,2025-09-22,199.0,Enterprise
USR_00495,2025-10-22,79.0,Pro
USR_00495,2025-11-21,29.0,Basic
USR_00496,2025-01-01,79.0,Pro
USR_00496,2025-01-31,199.0,Enterprise
USR_00496,2025-03-02,29.0,Basic
USR_00496,2025-04-01,79.0,Pro
USR_00497,2025-09-14,29.0,Basic
USR_00497,2025-10-14,199.0,Enterprise
USR_00498,2025-03-08,79.0,Pro
USR_00498,2025-04-07,29.0,Basic
USR_00499,2025-07-04,79.0,Pro
USR_00499,2025-08-03,29.0,Basic
USR_00500,2025-04-26,79.0,Pro
USR_00500,2025-05-26,199.0,Enterprise
USR_00500,2025-06-25,29.0,Basic
USR_00500,2025-07-25,29.0,Basic
USR_00500,2025-08-24,29.0,Basic
USR_00501,2025-08-22,199.0,Enterprise
USR_00501,2025-09-21,29.0,Basic
USR_00501,2025-10-21,29.0,Basic
USR_00501,2025-11-20,199.0,Enterprise
USR_00502,2025-02-02,29.0,Basic
USR_00502,2025-03-04,79.0,Pro
USR_00503,2025-10-16,79.0,Pro
USR_00503,2025-11-15,29.0,Basic
USR_00503,2025-12-15,29.0,Basic
USR_00504,2025-05-12,29.0,Basic
USR_00505,2025-04-12,29.0,Basic
USR_00505,2025-05-12,29.0,Basic
USR_00505,2025-06-11,29.0,Basic
USR_00505,2025-07-11,29.0,Basic
USR_00506,2025-06-20,29.0,Basic
USR_00506,2025-07-20,29.0,Basic
USR_00506,2025-08-19,29.0,Basic
USR_00506,2025-09-18,29.0,Basic
USR_00506,2025-10-18,29.0,Basic
USR_00507,2025-07-03,29.0,Basic
USR_00508,2025-08-21,29.0,Basic
USR_00508,2025-09-20,199.0,Enterprise
USR_00508,2025-10-20,29.0,Basic
USR_00509,2025-10-10,29.0,Basic
USR_00509,2025-11-09,29.0,Basic
USR_00509,2025-12-09,79.0,Pro
USR_00510,2025-01-31,79.0,Pro
USR_00511,2025-07-25,79.0,Pro
USR_00511,2025-08-24,29.0,Basic
USR_00511,2025-09-23,79.0,Pro
USR_00511,2025-10-23,79.0,Pro
USR_00511,2025-11-22,29.0,Basic
USR_00511,2025-12-22,29.0,Basic
USR_00512,2025-01-23,199.0,Enterprise
USR_00512,2025-02-22,29.0,Basic
USR_00513,2025-10-18,29.0,Basic
USR_00514,2025-08-13,29.0,Basic
USR_00514,2025-09-12,79.0,Pro
USR_00514,2025-10-12,199.0,Enterprise
USR_00515,2025-08-13,29.0,Basic
USR_00515,2025-09-12,29.0,Basic
USR_00516,2025-06-04,79.0,Pro
USR_00516,2025-07-04,29.0,Basic
USR_00516,2025-08-03,29.0,Basic
USR_00516,2025-09-02,79.0,Pro
USR_00517,2025-01-25,29.0,Basic
USR_00517,2025-02-24,29.0,Basic
USR_00517,2025-03-26,199.0,Enterprise
USR_00518,2025-01-03,29.0,Basic
USR_00518,2025-02-02,79.0,Pro
USR_00519,2025-01-07,29.0,Basic
USR_00519,2025-02-06,29.0,Basic
USR_00520,2025-05-16,29.0,Basic
USR_00520,2025-06-15,29.0,Basic
USR_00521,2025-04-13,29.0,Basic
USR_00522,2025-03-23,199.0,Enterprise
USR_00522,2025-04-22,29.0,Basic
USR_00523,2025-07-23,29.0,Basic
USR_00523,2025-08-22,29.0,Basic
USR_00523,2025-09-21,29.0,Basic
USR_00523,2025-10-21,79.0,Pro
USR_00524,2025-02-10,79.0,Pro
USR_00524,2025-03-12,199.0,Enterprise
USR_00524,2025-04-11,29.0,Basic
USR_00525,2025-06-09,29.0,Basic
USR_00525,2025-07-09,29.0,Basic
USR_00525,2025-08-08,29.0,Basic
USR_00525,2025-09-07,29.0,Basic
USR_00525,2025-10-07,199.0,Enterprise
USR_00526,2025-04-17,29.0,Basic
USR_00526,2025-05-17,79.0,Pro
USR_00527,2025-04-22,29.0,Basic
USR_00528,2025-03-10,79.0,Pro
USR_00528,2025-04-09,29.0,Basic
USR_00529,2025-07-09,29.0,Basic
USR_00529,2025-08-08,29.0,Basic
USR_00529,2025-09-07,29.0,Basic
USR_00529,2025-10-07,29.0,Basic
USR_00530,2025-10-22,29.0,Basic
USR_00530,2025-11-21,29.0,Basic
USR_00530,2025-12-21,29.0,Basic
USR_00531,2025-09-30,79.0,Pro
USR_00532,2025-07-22,29.0,Basic
USR_00532,2025-08-21,29.0,Basic
USR_00533,2025-01-19,29.0,Basic
USR_00533,2025-02-18,29.0,Basic
USR_00534,2025-10-09,29.0,Basic
USR_00534,2025-11-08,29.0,Basic
USR_00534,2025-12-08,29.0,Basic
USR_00535,2025-08-05,29.0,Basic
USR_00535,2025-09-04,29.0,Basic
USR_00535,2025-10-04,29.0,Basic
USR_00535,2025-11-03,29.0,Basic
USR_00536,2025-08-03,29.0,Basic
USR_00536,2025-09-02,79.0,Pro
USR_00536,2025-10-02,29.0,Basic
USR_00537,2025-07-12,79.0,Pro
USR_00537,2025-08-11,29.0,Basic
USR_00537,2025-09-10,29.0,Basic
USR_00537,2025-10-10,29.0,Basic
USR_00537,2025-11-09,199.0,Enterprise
USR_00538,2025-09-03,29.0,Basic
USR_00538,2025-10-03,29.0,Basic
USR_00539,2025-03-24,29.0,Basic
USR_00540,2025-04-22,29.0,Basic
USR_00540,2025-05-22,29.0,Basic
USR_00541,2025-04-15,29.0,Basic
USR_00541,2025-05-15,29.0,Basic
USR_00541,2025-06-14,79.0,Pro
USR_00541,2025-07-14,29.0,Basic
USR_00541,2025-08-13,199.0,Enterprise
USR_00541,2025-09-12,29.0,Basic
USR_00542,2025-04-19,29.0,Basic
USR_00543,2025-05-19,79.0,Pro
USR_00543,2025-06-18,29.0,Basic
USR_00543,2025-07-18,79.0,Pro
USR_00543,2025-08-17,79.0,Pro
USR_00543,2025-09-16,29.0,Basic
USR_00543,2025-10-16,29.0,Basic
USR_00543,2025-11-15,79.0,Pro
USR_00544,2025-01-01,29.0,Basic
USR_00544,2025-01-31,79.0,Pro
USR_00545,2025-10-21,29.0,Basic
USR_00545,2025-11-20,29.0,Basic
USR_00546,2025-03-13,79.0,Pro
USR_00547,2025-01-16,29.0,Basic
USR_00547,2025-02-15,29.0,Basic
USR_00547,2025-03-17,29.0,Basic
USR_00548,2025-01-13,79.0,Pro
USR_00548,2025-02-12,79.0,Pro
USR_00548,2025-03-14,29.0,Basic
USR_00549,2025-09-13,29.0,Basic
USR_00550,2025-08-07,29.0,Basic
USR_00550,2025-09-06,29.0,Basic
USR_00550,2025-10-06,79.0,Pro
USR_00550,2025-11-05,29.0,Basic
USR_00550,2025-12-05,29.0,Basic
USR_00551,2025-09-11,79.0,Pro
USR_00551,2025-10-11,29.0,Basic
USR_00551,2025-11-10,29.0,Basic
USR_00552,2025-05-18,79.0,Pro
USR_00553,2025-06-23,199.0,Enterprise
USR_00553,2025-07-23,79.0,Pro
USR_00554,2025-08-23,79.0,Pro
USR_00554,2025-09-22,29.0,Basic
USR_00554,2025-10-22,79.0,Pro
USR_00554,2025-11-21,199.0,Enterprise
USR_00555,2025-03-15,29.0,Basic
USR_00555,2025-04-14,199.0,Enterprise
USR_00556,2025-07-13,29.0,Basic
USR_00557,2025-02-04,29.0,Basic
USR_00558,2025-01-21,29.0,Basic
USR_00558,2025-02-20,29.0,Basic
USR_00558,2025-03-22,79.0,Pro
USR_00559,2025-03-06,29.0,Basic
USR_00559,2025-04-05,29.0,Basic
USR_00560,2025-09-05,29.0,Basic
USR_00560,2025-10-05,29.0,Basic
USR_00561,2025-08-09,79.0,Pro
USR_00562,2025-03-02,29.0,Basic
USR_00562,2025-04-01,29.0,Basic
USR_00563,2025-08-14,79.0,Pro
USR_00563,2025-09-13,29.0,Basic
USR_00564,2025-04-09,29.0,Basic
USR_00565,2025-09-19,29.0,Basic
USR_00566,2025-03-09,199.0,Enterprise
USR_00566,2025-04-08,29.0,Basic
USR_00567,2025-09-17,79.0,Pro
USR_00568,2025-07-13,29.0,Basic
USR_00569,2025-02-10,29.0,Basic
USR_00569,2025-03-12,79.0,Pro
USR_00569,2025-04-11,199.0,Enterprise
USR_00570,2025-04-22,29.0,Basic
USR_00571,2025-04-25,79.0,Pro
USR_00571,2025-05-25,199.0,Enterprise
USR_00571,2025-06-24,79.0,Pro
USR_00572,2025-09-19,199.0,Enterprise
USR_00572,2025-10-19,199.0,Enterprise
USR_00573,2025-10-08,29.0,Basic
USR_00574,2025-02-27,29.0,Basic
USR_00575,2025-03-02,29.0,Basic
USR_00575,2025-04-01,199.0,Enterprise
USR_00575,2025-05-01,29.0,Basic
USR_00575,2025-05-31,29.0,Basic
USR_00576,2025-03-07,79.0,Pro
USR_00576,2025-04-06,79.0,Pro
USR_00576,2025-05-06,79.0,Pro
USR_00577,2025-06-16,29.0,Basic
USR_00577,2025-07-16,79.0,Pro
USR_00577,2025-08-15,29.0,Basic
USR_00577,2025-09-14,29.0,Basic
USR_00577,2025-10-14,29.0,Basic
USR_00578,2025-06-25,29.0,Basic
USR_00578,2025-07-25,29.0,Basic
USR_00578,2025-08-24,29.0,Basic
USR_00578,2025-09-23,29.0,Basic
USR_00579,2025-09-15,79.0,Pro
USR_00579,2025-10-15,79.0,Pro
USR_00579,2025-11-14,79.0,Pro
USR_00580,2025-10-13,79.0,Pro
USR_00580,2025-11-12,29.0,Basic
USR_00580,2025-12-12,79.0,Pro
USR_00581,2025-02-25,199.0,Enterprise
USR_00581,2025-03-27,79.0,Pro
USR_00582,2025-06-05,79.0,Pro
USR_00582,2025-07-05,29.0,Basic
USR_00583,2025-09-07,79.0,Pro
USR_00584,2025-07-08,29.0,Basic
USR_00584,2025-08-07,29.0,Basic
USR_00584,2025-09-06,79.0,Pro
USR_00584,2025-10-06,29.0,Basic
USR_00584,2025-11-05,29.0,Basic
USR_00584,2025-12-05,79.0,Pro
USR_00585,2025-09-28,29.0,Basic
USR_00585,2025-10-28,29.0,Basic
USR_00585,2025-11-27,29.0,Basic
USR_00586,2025-08-20,199.0,Enterprise
USR_00586,2025-09-19,29.0,Basic
USR_00586,2025-10-19,29.0,Basic
USR_00587,2025-07-27,29.0,Basic
USR_00587,2025-08-26,29.0,Basic
USR_00588,2025-05-23,29.0,Basic
USR_00588,2025-06-22,29.0,Basic
USR_00588,2025-07-22,79.0,Pro
USR_00588,2025-08-21,29.0,Basic
USR_00589,2025-03-07,79.0,Pro
USR_00590,2025-03-09,29.0,Basic
USR_00590,2025-04-08,29.0,Basic
USR_00590,2025-05-08,29.0,Basic
USR_00591,2025-03-17,29.0,Basic
USR_00591,2025-04-16,199.0,Enterprise
USR_00592,2025-02-08,29.0,Basic
USR_00592,2025-03-10,29.0,Basic
USR_00592,2025-04-09,29.0,Basic
USR_00592,2025-05-09,199.0,Enterprise
USR_00593,2025-10-11,29.0,Basic
USR_00593,2025-11-10,199.0,Enterprise
USR_00594,2025-09-15,29.0,Basic
USR_00594,2025-10-15,79.0,Pro
USR_00594,2025-11-14,29.0,Basic
USR_00594,2025-12-14,79.0,Pro
USR_00595,2025-09-05,29.0,Basic
USR_00595,2025-10-05,199.0,Enterprise
USR_00595,2025-11-04,199.0,Enterprise
USR_00596,2025-08-14,29.0,Basic
USR_00596,2025-09-13,29.0,Basic
USR_00597,2025-02-01,29.0,Basic
USR_00597,2025-03-03,79.0,Pro
USR_00597,2025-04-02,79.0,Pro
USR_00598,2025-03-04,79.0,Pro
USR_00599,2025-08-07,79.0,Pro
USR_00599,2025-09-06,29.0,Basic
USR_00599,2025-10-06,79.0,Pro
USR_00599,2025-11-05,79.0,Pro
USR_00599,2025-12-05,29.0,Basic
USR_00600,2025-04-17,79.0,Pro
USR_00600,2025-05-17,29.0,Basic
USR_00600,2025-06-16,79.0,Pro
USR_00600,2025-07-16,29.0,Basic
USR_00601,2025-03-29,29.0,Basic
USR_00601,2025-04-28,29.0,Basic
USR_00601,2025-05-28,29.0,Basic
USR_00601,2025-06-27,29.0,Basic
USR_00601,2025-07-27,79.0,Pro
USR_00602,2025-02-22,79.0,Pro
USR_00602,2025-03-24,29.0,Basic
USR_00602,2025-04-23,29.0,Basic
USR_00603,2025-03-11,29.0,Basic
USR_00603,2025-04-10,29.0,Basic
USR_00604,2025-09-18,79.0,Pro
USR_00604,2025-10-18,29.0,Basic
USR_00604,2025-11-17,29.0,Basic
USR_00605,2025-08-30,29.0,Basic
USR_00605,2025-09-29,29.0,Basic
USR_00606,2025-02-07,29.0,Basic
USR_00606,2025-03-09,29.0,Basic
USR_00607,2025-04-24,79.0,Pro
USR_00607,2025-05-24,29.0,Basic
USR_00608,2025-02-24,79.0,Pro
USR_00609,2025-09-13,29.0,Basic
USR_00609,2025-10-13,29.0,Basic
USR_00609,2025-11-12,79.0,Pro
USR_00610,2025-09-10,29.0,Basic
USR_00610,2025-10-10,29.0,Basic
USR_00610,2025-11-09,29.0,Basic
USR_00611,2025-04-18,29.0,Basic
USR_00612,2025-04-08,79.0,Pro
USR_00613,2025-03-26,29.0,Basic
USR_00613,2025-04-25,79.0,Pro
USR_00613,2025-05-25,199.0,Enterprise
USR_00614,2025-10-06,29.0,Basic
USR_00614,2025-11-05,79.0,Pro
USR_00614,2025-12-05,29.0,Basic
USR_00615,2025-10-10,29.0,Basic
USR_00615,2025-11-09,199.0,Enterprise
USR_00615,2025-12-09,29.0,Basic
USR_00616,2025-06-23,79.0,Pro
USR_00616,2025-07-23,29.0,Basic
USR_00616,2025-08-22,29.0,Basic
USR_00617,2025-09-15,29.0,Basic
USR_00617,2025-10-15,199.0,Enterprise
USR_00617,2025-11-14,79.0,Pro
USR_00618,2025-03-27,29.0,Basic
USR_00618,2025-04-26,79.0,Pro
USR_00618,2025-05-26,29.0,Basic
USR_00619,2025-08-07,79.0,Pro
USR_00620,2025-07-13,199.0,Enterprise
USR_00620,2025-08-12,29.0,Basic
USR_00620,2025-09-11,29.0,Basic
USR_00620,2025-10-11,29.0,Basic
USR_00621,2025-04-19,29.0,Basic
USR_00621,2025-05-19,79.0,Pro
USR_00622,2025-09-03,199.0,Enterprise
USR_00622,2025-10-03,29.0,Basic
USR_00622,2025-11-02,79.0,Pro
USR_00622,2025-12-02,29.0,Basic
USR_00623,2025-02-27,79.0,Pro
USR_00623,2025-03-29,199.0,Enterprise
USR_00623,2025-04-28,79.0,Pro
USR_00624,2025-08-17,29.0,Basic
USR_00624,2025-09-16,29.0,Basic
USR_00624,2025-10-16,79.0,Pro
USR_00624,2025-11-15,29.0,Basic
USR_00625,2025-06-12,79.0,Pro
USR_00625,2025-07-12,79.0,Pro
USR_00625,2025-08-11,29.0,Basic
USR_00626,2025-05-01,79.0,Pro
USR_00626,2025-05-31,79.0,Pro
USR_00626,2025-06-30,79.0,Pro
USR_00627,2025-04-15,79.0,Pro
USR_00627,2025-05-15,79.0,Pro
USR_00627,2025-06-14,79.0,Pro
USR_00628,2025-07-17,79.0,Pro
USR_00628,2025-08-16,199.0,Enterprise
USR_00629,2025-04-23,29.0,Basic
USR_00630,2025-08-30,29.0,Basic
USR_00630,2025-09-29,29.0,Basic
USR_00630,2025-10-29,199.0,Enterprise
USR_00630,2025-11-28,29.0,Basic
USR_00631,2025-08-30,29.0,Basic
USR_00631,2025-09-29,29.0,Basic
USR_00631,2025-10-29,29.0,Basic
USR_00632,2025-02-16,79.0,Pro
USR_00632,2025-03-18,29.0,Basic
USR_00632,2025-04-17,79.0,Pro
USR_00633,2025-02-25,29.0,Basic
USR_00633,2025-03-27,29.0,Basic
USR_00634,2025-07-01,29.0,Basic
USR_00635,2025-05-20,29.0,Basic
USR_00635,2025-06-19,29.0,Basic
USR_00636,2025-02-08,29.0,Basic
USR_00636,2025-03-10,79.0,Pro
USR_00637,2025-01-18,29.0,Basic
USR_00637,2025-02-17,29.0,Basic
USR_00637,2025-03-19,29.0,Basic
USR_00638,2025-01-28,79.0,Pro
USR_00639,2025-02-22,29.0,Basic
USR_00639,2025-03-24,29.0,Basic
USR_00639,2025-04-23,79.0,Pro
USR_00640,2025-10-14,79.0,Pro
USR_00640,2025-11-13,79.0,Pro
USR_00640,2025-12-13,199.0,Enterprise
USR_00641,2025-08-16,79.0,Pro
USR_00641,2025-09-15,29.0,Basic
USR_00642,2025-04-18,79.0,Pro
USR_00642,2025-05-18,29.0,Basic
USR_00642,2025-06-17,29.0,Basic
USR_00643,2025-04-24,199.0,Enterprise
USR_00644,2025-01-24,29.0,Basic
USR_00644,2025-02-23,29.0,Basic
USR_00644,2025-03-25,29.0,Basic
USR_00644,2025-04-24,199.0,Enterprise
USR_00645,2025-03-10,79.0,Pro
USR_00645,2025-04-09,79.0,Pro
USR_00646,2025-06-13,79.0,Pro
USR_00647,2025-03-25,29.0,Basic
USR_00647,2025-04-24,79.0,Pro
USR_00647,2025-05-24,79.0,Pro
USR_00647,2025-06-23,29.0,Basic
USR_00648,2025-05-21,29.0,Basic
USR_00648,2025-06-20,29.0,Basic
USR_00648,2025-07-20,79.0,Pro
USR_00649,2025-01-25,199.0,Enterprise
USR_00649,2025-02-24,29.0,Basic
USR_00650,2025-04-14,29.0,Basic
USR_00650,2025-05-14,29.0,Basic
USR_00650,2025-06-13,29.0,Basic
USR_00651,2025-09-17,29.0,Basic
USR_00651,2025-10-17,79.0,Pro
USR_00651,2025-11-16,29.0,Basic
USR_00652,2025-07-14,29.0,Basic
USR_00652,2025-08-13,29.0,Basic
USR_00652,2025-09-12,199.0,Enterprise
USR_00652,2025-10-12,79.0,Pro
USR_00652,2025-11-11,199.0,Enterprise
USR_00652,2025-12-11,79.0,Pro
USR_00653,2025-09-30,29.0,Basic
USR_00653,2025-10-30,199.0,Enterprise
USR_00654,2025-03-27,79.0,Pro
USR_00654,2025-04-26,29.0,Basic
USR_00654,2025-05-26,79.0,Pro
USR_00654,2025-06-25,29.0,Basic
USR_00655,2025-04-21,29.0,Basic
USR_00655,2025-05-21,29.0,Basic
USR_00655,2025-06-20,79.0,Pro
USR_00656,2025-09-12,79.0,Pro
USR_00656,2025-10-12,29.0,Basic
USR_00656,2025-11-11,29.0,Basic
USR_00656,2025-12-11,29.0,Basic
USR_00657,2025-09-20,29.0,Basic
USR_00657,2025-10-20,79.0,Pro
USR_00658,2025-05-06,29.0,Basic
USR_00658,2025-06-05,29.0,Basic
USR_00658,2025-07-05,79.0,Pro
USR_00659,2025-08-07,29.0,Basic
USR_00659,2025-09-06,29.0,Basic
USR_00660,2025-05-21,29.0,Basic
USR_00660,2025-06-20,79.0,Pro
USR_00661,2025-04-05,29.0,Basic
USR_00662,2025-04-18,29.0,Basic
USR_00662,2025-05-18,29.0,Basic
USR_00662,2025-06-17,29.0,Basic
USR_00662,2025-07-17,79.0,Pro
USR_00662,2025-08-16,29.0,Basic
USR_00663,2025-01-18,29.0,Basic
USR_00664,2025-03-18,29.0,Basic
USR_00664,2025-04-17,79.0,Pro
USR_00665,2025-09-30,79.0,Pro
USR_00665,2025-10-30,29.0,Basic
USR_00665,2025-11-29,29.0,Basic
USR_00666,2025-05-31,29.0,Basic
USR_00667,2025-10-05,29.0,Basic
USR_00667,2025-11-04,29.0,Basic
USR_00668,2025-10-23,29.0,Basic
USR_00668,2025-11-22,29.0,Basic
USR_00668,2025-12-22,29.0,Basic
USR_00669,2025-10-08,79.0,Pro
USR_00669,2025-11-07,199.0,Enterprise
USR_00669,2025-12-07,79.0,Pro
USR_00670,2025-02-11,29.0,Basic
USR_00670,2025-03-13,29.0,Basic
USR_00671,2025-07-16,29.0,Basic
USR_00671,2025-08-15,79.0,Pro
USR_00671,2025-09-14,79.0,Pro
USR_00672,2025-04-14,29.0,Basic
USR_00672,2025-05-14,29.0,Basic
USR_00673,2025-06-17,79.0,Pro
USR_00673,2025-07-17,29.0,Basic
USR_00673,2025-08-16,79.0,Pro
USR_00673,2025-09-15,79.0,Pro
USR_00673,2025-10-15,79.0,Pro
USR_00674,2025-03-27,79.0,Pro
USR_00674,2025-04-26,29.0,Basic
USR_00674,2025-05-26,29.0,Basic
USR_00675,2025-09-08,199.0,Enterprise
USR_00675,2025-10-08,29.0,Basic
USR_00675,2025-11-07,79.0,Pro
USR_00675,2025-12-07,29.0,Basic
USR_00676,2025-02-08,29.0,Basic
USR_00676,2025-03-10,79.0,Pro
USR_00676,2025-04-09,29.0,Basic
USR_00676,2025-05-09,79.0,Pro
USR_00677,2025-09-01,29.0,Basic
USR_00677,2025-10-01,79.0,Pro
USR_00677,2025-10-31,29.0,Basic
USR_00677,2025-11-30,29.0,Basic
USR_00678,2025-08-30,29.0,Basic
USR_00678,2025-09-29,29.0,Basic
USR_00679,2025-08-02,29.0,Basic
USR_00679,2025-09-01,29.0,Basic
USR_00679,2025-10-01,29.0,Basic
USR_00680,2025-07-19,29.0,Basic
USR_00680,2025-08-18,79.0,Pro
USR_00680,2025-09-17,29.0,Basic
USR_00680,2025-10-17,199.0,Enterprise
USR_00680,2025-11-16,29.0,Basic
USR_00681,2025-08-17,199.0,Enterprise
USR_00681,2025-09-16,79.0,Pro
USR_00681,2025-10-16,29.0,Basic
USR_00682,2025-08-26,79.0,Pro
USR_00682,2025-09-25,29.0,Basic
USR_00683,2025-04-10,29.0,Basic
USR_00683,2025-05-10,29.0,Basic
USR_00683,2025-06-09,79.0,Pro
USR_00683,2025-07-09,29.0,Basic
USR_00684,2025-05-02,29.0,Basic
USR_00684,2025-06-01,29.0,Basic
USR_00685,2025-06-17,29.0,Basic
USR_00685,2025-07-17,29.0,Basic
USR_00685,2025-08-16,79.0,Pro
USR_00686,2025-10-23,79.0,Pro
USR_00686,2025-11-22,29.0,Basic
USR_00686,2025-12-22,29.0,Basic
USR_00687,2025-03-27,29.0,Basic
USR_00687,2025-04-26,199.0,Enterprise
USR_00687,2025-05-26,29.0,Basic
USR_00688,2025-05-26,29.0,Basic
USR_00688,2025-06-25,79.0,Pro
USR_00688,2025-07-25,29.0,Basic
USR_00688,2025-08-24,29.0,Basic
USR_00689,2025-05-22,29.0,Basic
USR_00689,2025-06-21,79.0,Pro
USR_00689,2025-07-21,29.0,Basic
USR_00690,2025-09-12,79.0,Pro
USR_00691,2025-09-18,79.0,Pro
USR_00691,2025-10-18,79.0,Pro
USR_00691,2025-11-17,29.0,Basic
USR_00692,2025-04-21,29.0,Basic
USR_00692,2025-05-21,199.0,Enterprise
USR_00693,2025-05-16,29.0,Basic
USR_00694,2025-07-26,79.0,Pro
USR_00694,2025-08-25,29.0,Basic
USR_00694,2025-09-24,29.0,Basic
USR_00695,2025-05-16,29.0,Basic
USR_00695,2025-06-15,79.0,Pro
USR_00696,2025-03-06,29.0,Basic
USR_00696,2025-04-05,29.0,Basic
USR_00697,2025-10-03,29.0,Basic
USR_00697,2025-11-02,79.0,Pro
USR_00698,2025-10-08,79.0,Pro
USR_00698,2025-11-07,29.0,Basic
USR_00698,2025-12-07,29.0,Basic
USR_00699,2025-04-18,29.0,Basic
USR_00699,2025-05-18,29.0,Basic
USR_00700,2025-09-18,199.0,Enterprise
USR_00700,2025-10-18,29.0,Basic
USR_00701,2025-04-09,29.0,Basic
USR_00701,2025-05-09,199.0,Enterprise
USR_00701,2025-06-08,29.0,Basic
USR_00702,2025-10-14,29.0,Basic
USR_00702,2025-11-13,79.0,Pro
USR_00702,2025-12-13,29.0,Basic
USR_00703,2025-06-22,79.0,Pro
USR_00703,2025-07-22,29.0,Basic
USR_00703,2025-08-21,79.0,Pro
USR_00704,2025-08-14,29.0,Basic
USR_00705,2025-10-13,79.0,Pro
USR_00705,2025-11-12,199.0,Enterprise
USR_00705,2025-12-12,29.0,Basic
USR_00706,2025-03-23,79.0,Pro
USR_00707,2025-01-12,29.0,Basic
USR_00708,2025-10-20,29.0,Basic
USR_00709,2025-05-21,29.0,Basic
USR_00710,2025-02-13,29.0,Basic
USR_00711,2025-07-24,29.0,Basic
USR_00712,2025-05-23,29.0,Basic
USR_00712,2025-06-22,79.0,Pro
USR_00712,2025-07-22,79.0,Pro
USR_00713,2025-03-22,79.0,Pro
USR_00713,2025-04-21,29.0,Basic
USR_00713,2025-05-21,29.0,Basic
USR_00714,2025-09-17,29.0,Basic
USR_00714,2025-10-17,79.0,Pro
USR_00714,2025-11-16,79.0,Pro
USR_00715,2025-01-04,29.0,Basic
USR_00716,2025-01-07,79.0,Pro
USR_00717,2025-08-12,29.0,Basic
USR_00717,2025-09-11,199.0,Enterprise
USR_00717,2025-10-11,29.0,Basic
USR_00717,2025-11-10,29.0,Basic
USR_00718,2025-01-13,29.0,Basic
USR_00718,2025-02-12,29.0,Basic
USR_00718,2025-03-14,29.0,Basic
USR_00718,2025-04-13,29.0,Basic
USR_00718,2025-05-13,29.0,Basic
USR_00719,2025-07-05,29.0,Basic
USR_00720,2025-01-02,79.0,Pro
USR_00720,2025-02-01,79.0,Pro
USR_00721,2025-09-14,29.0,Basic
USR_00722,2025-03-18,79.0,Pro
USR_00723,2025-07-16,29.0,Basic
USR_00723,2025-08-15,29.0,Basic
USR_00723,2025-09-14,79.0,Pro
USR_00723,2025-10-14,29.0,Basic
USR_00723,2025-11-13,29.0,Basic
USR_00723,2025-12-13,79.0,Pro
USR_00724,2025-02-16,79.0,Pro
USR_00724,2025-03-18,79.0,Pro
USR_00724,2025-04-17,29.0,Basic
USR_00724,2025-05-17,29.0,Basic
USR_00724,2025-06-16,79.0,Pro
USR_00724,2025-07-16,79.0,Pro
USR_00724,2025-08-15,79.0,Pro
USR_00724,2025-09-14,29.0,Basic
USR_00724,2025-10-14,29.0,Basic
USR_00725,2025-02-26,29.0,Basic
USR_00726,2025-06-01,29.0,Basic
USR_00726,2025-07-01,29.0,Basic
USR_00727,2025-08-17,29.0,Basic
USR_00727,2025-09-16,79.0,Pro
USR_00728,2025-09-25,29.0,Basic
USR_00728,2025-10-25,29.0,Basic
USR_00729,2025-06-22,29.0,Basic
USR_00729,2025-07-22,29.0,Basic
USR_00730,2025-05-12,29.0,Basic
USR_00731,2025-02-01,29.0,Basic
USR_00732,2025-04-07,79.0,Pro
USR_00732,2025-05-07,29.0,Basic
USR_00733,2025-06-17,79.0,Pro
USR_00733,2025-07-17,79.0,Pro
USR_00733,2025-08-16,79.0,Pro
USR_00733,2025-09-15,29.0,Basic
USR_00733,2025-10-15,199.0,Enterprise
USR_00733,2025-11-14,29.0,Basic
USR_00734,2025-07-12,29.0,Basic
USR_00734,2025-08-11,29.0,Basic
USR_00734,2025-09-10,29.0,Basic
USR_00735,2025-03-22,199.0,Enterprise
USR_00736,2025-03-05,29.0,Basic
USR_00736,2025-04-04,29.0,Basic
USR_00737,2025-08-11,79.0,Pro
USR_00737,2025-09-10,79.0,Pro
USR_00737,2025-10-10,29.0,Basic
USR_00738,2025-09-10,29.0,Basic
USR_00738,2025-10-10,79.0,Pro
USR_00738,2025-11-09,79.0,Pro
USR_00738,2025-12-09,29.0,Basic
USR_00739,2025-08-03,199.0,Enterprise
USR_00739,2025-09-02,79.0,Pro
USR_00739,2025-10-02,199.0,Enterprise
USR_00739,2025-11-01,79.0,Pro
USR_00740,2025-03-04,29.0,Basic
USR_00741,2025-05-24,79.0,Pro
USR_00741,2025-06-23,29.0,Basic
USR_00741,2025-07-23,29.0,Basic
USR_00742,2025-04-25,29.0,Basic
USR_00742,2025-05-25,29.0,Basic
USR_00743,2025-06-22,79.0,Pro
USR_00744,2025-06-19,79.0,Pro
USR_00745,2025-05-17,29.0,Basic
USR_00745,2025-06-16,29.0,Basic
USR_00745,2025-07-16,29.0,Basic
USR_00745,2025-08-15,29.0,Basic
USR_00746,2025-10-24,79.0,Pro
USR_00746,2025-11-23,29.0,Basic
USR_00746,2025-12-23,79.0,Pro
USR_00747,2025-09-13,79.0,Pro
USR_00748,2025-04-24,29.0,Basic
USR_00748,2025-05-24,29.0,Basic
USR_00748,2025-06-23,79.0,Pro
USR_00748,2025-07-23,29.0,Basic
USR_00749,2025-05-15,29.0,Basic
USR_00749,2025-06-14,199.0,Enterprise
USR_00750,2025-10-16,29.0,Basic
USR_00751,2025-04-11,79.0,Pro
USR_00752,2025-05-07,199.0,Enterprise
USR_00752,2025-06-06,79.0,Pro
USR_00752,2025-07-06,79.0,Pro
USR_00752,2025-08-05,79.0,Pro
USR_00753,2025-09-08,29.0,Basic
USR_00753,2025-10-08,79.0,Pro
USR_00754,2025-10-02,29.0,Basic
USR_00754,2025-11-01,199.0,Enterprise
USR_00754,2025-12-01,29.0,Basic
USR_00755,2025-05-17,199.0,Enterprise
USR_00756,2025-05-14,79.0,Pro
USR_00756,2025-06-13,29.0,Basic
USR_00756,2025-07-13,29.0,Basic
USR_00757,2025-01-16,79.0,Pro
USR_00758,2025-08-14,29.0,Basic
USR_00758,2025-09-13,79.0,Pro
USR_00758,2025-10-13,29.0,Basic
USR_00759,2025-08-06,79.0,Pro
USR_00759,2025-09-05,29.0,Basic
USR_00760,2025-05-24,79.0,Pro
USR_00760,2025-06-23,29.0,Basic
USR_00761,2025-10-07,29.0,Basic
USR_00761,2025-11-06,29.0,Basic
USR_00761,2025-12-06,29.0,Basic
USR_00762,2025-08-14,29.0,Basic
USR_00762,2025-09-13,199.0,Enterprise
USR_00762,2025-10-13,29.0,Basic
USR_00763,2025-10-16,79.0,Pro
USR_00764,2025-05-10,29.0,Basic
USR_00764,2025-06-09,29.0,Basic
USR_00765,2025-05-27,79.0,Pro
USR_00765,2025-06-26,29.0,Basic
USR_00766,2025-10-03,29.0,Basic
USR_00766,2025-11-02,79.0,Pro
USR_00766,2025-12-02,29.0,Basic
USR_00767,2025-08-14,29.0,Basic
USR_00767,2025-09-13,29.0,Basic
USR_00768,2025-09-12,79.0,Pro
USR_00768,2025-10-12,79.0,Pro
USR_00768,2025-11-11,29.0,Basic
USR_00768,2025-12-11,199.0,Enterprise
USR_00769,2025-08-26,29.0,Basic
USR_00770,2025-03-23,29.0,Basic
USR_00770,2025-04-22,79.0,Pro
USR_00770,2025-05-22,199.0,Enterprise
USR_00771,2025-10-08,29.0,Basic
USR_00771,2025-11-07,29.0,Basic
USR_00771,2025-12-07,199.0,Enterprise
USR_00772,2025-07-16,29.0,Basic
USR_00772,2025-08-15,199.0,Enterprise
USR_00772,2025-09-14,199.0,Enterprise
USR_00772,2025-10-14,199.0,Enterprise
USR_00773,2025-01-28,29.0,Basic
USR_00773,2025-02-27,29.0,Basic
USR_00773,2025-03-29,29.0,Basic
USR_00774,2025-03-23,79.0,Pro
USR_00775,2025-04-04,29.0,Basic
USR_00775,2025-05-04,29.0,Basic
USR_00775,2025-06-03,29.0,Basic
USR_00775,2025-07-03,29.0,Basic
USR_00775,2025-08-02,29.0,Basic
USR_00776,2025-01-16,29.0,Basic
USR_00776,2025-02-15,29.0,Basic
USR_00776,2025-03-17,29.0,Basic
USR_00776,2025-04-16,79.0,Pro
USR_00776,2025-05-16,29.0,Basic
USR_00777,2025-02-18,79.0,Pro
USR_00778,2025-04-12,29.0,Basic
USR_00778,2025-05-12,29.0,Basic
USR_00778,2025-06-11,29.0,Basic
USR_00779,2025-05-13,79.0,Pro
USR_00779,2025-06-12,79.0,Pro
USR_00779,2025-07-12,29.0,Basic
USR_00779,2025-08-11,29.0,Basic
USR_00780,2025-10-12,79.0,Pro
USR_00780,2025-11-11,79.0,Pro
USR_00780,2025-12-11,79.0,Pro
USR_00781,2025-03-19,29.0,Basic
USR_00781,2025-04-18,199.0,Enterprise
USR_00781,2025-05-18,79.0,Pro
USR_00782,2025-06-12,79.0,Pro
USR_00783,2025-05-08,79.0,Pro
USR_00783,2025-06-07,199.0,Enterprise
USR_00784,2025-01-03,29.0,Basic
USR_00785,2025-09-06,199.0,Enterprise
USR_00785,2025-10-06,29.0,Basic
USR_00785,2025-11-05,199.0,Enterprise
USR_00786,2025-08-30,29.0,Basic
USR_00786,2025-09-29,29.0,Basic
USR_00787,2025-02-12,29.0,Basic
USR_00787,2025-03-14,79.0,Pro
USR_00787,2025-04-13,29.0,Basic
USR_00787,2025-05-13,29.0,Basic
USR_00787,2025-06-12,29.0,Basic
USR_00788,2025-10-22,29.0,Basic
USR_00788,2025-11-21,29.0,Basic
USR_00789,2025-01-04,79.0,Pro
USR_00789,2025-02-03,29.0,Basic
USR_00789,2025-03-05,29.0,Basic
USR_00790,2025-02-10,29.0,Basic
USR_00790,2025-03-12,29.0,Basic
USR_00791,2025-04-08,29.0,Basic
USR_00791,2025-05-08,29.0,Basic
USR_00791,2025-06-07,29.0,Basic
USR_00791,2025-07-07,29.0,Basic
USR_00791,2025-08-06,29.0,Basic
USR_00791,2025-09-05,79.0,Pro
USR_00792,2025-03-02,79.0,Pro
USR_00792,2025-04-01,29.0,Basic
USR_00792,2025-05-01,79.0,Pro
USR_00793,2025-10-02,79.0,Pro
USR_00793,2025-11-01,29.0,Basic
USR_00793,2025-12-01,29.0,Basic
USR_00794,2025-10-13,29.0,Basic
USR_00794,2025-11-12,29.0,Basic
USR_00794,2025-12-12,79.0,Pro
USR_00795,2025-02-05,29.0,Basic
USR_00796,2025-10-14,29.0,Basic
USR_00797,2025-06-21,29.0,Basic
USR_00797,2025-07-21,29.0,Basic
USR_00797,2025-08-20,29.0,Basic
USR_00797,2025-09-19,79.0,Pro
USR_00797,2025-10-19,79.0,Pro
USR_00797,2025-11-18,29.0,Basic
USR_00797,2025-12-18,199.0,Enterprise
USR_00798,2025-03-27,29.0,Basic
USR_00798,2025-04-26,199.0,Enterprise
USR_00799,2025-01-19,199.0,Enterprise
USR_00799,2025-02-18,79.0,Pro
USR_00799,2025-03-20,79.0,Pro
USR_00800,2025-02-11,29.0,Basic
USR_00800,2025-03-13,199.0,Enterprise
USR_00800,2025-04-12,79.0,Pro
USR_00801,2025-03-17,29.0,Basic
USR_00801,2025-04-16,29.0,Basic
USR_00802,2025-03-03,199.0,Enterprise
USR_00803,2025-08-24,79.0,Pro
USR_00803,2025-09-23,29.0,Basic
USR_00803,2025-10-23,79.0,Pro
USR_00804,2025-06-22,29.0,Basic
USR_00805,2025-06-22,29.0,Basic
USR_00806,2025-08-24,79.0,Pro
USR_00806,2025-09-23,29.0,Basic
USR_00807,2025-05-09,29.0,Basic
USR_00807,2025-06-08,29.0,Basic
USR_00808,2025-07-13,199.0,Enterprise
USR_00808,2025-08-12,29.0,Basic
USR_00808,2025-09-11,29.0,Basic
USR_00809,2025-07-04,29.0,Basic
USR_00809,2025-08-03,29.0,Basic
USR_00809,2025-09-02,29.0,Basic
USR_00810,2025-02-24,29.0,Basic
USR_00810,2025-03-26,79.0,Pro
USR_00810,2025-04-25,79.0,Pro
USR_00811,2025-09-22,29.0,Basic
USR_00811,2025-10-22,79.0,Pro
USR_00811,2025-11-21,79.0,Pro
USR_00812,2025-05-20,29.0,Basic
USR_00812,2025-06-19,29.0,Basic
USR_00812,2025-07-19,29.0,Basic
USR_00812,2025-08-18,29.0,Basic
USR_00813,2025-07-24,29.0,Basic
USR_00813,2025-08-23,79.0,Pro
USR_00813,2025-09-22,79.0,Pro
USR_00813,2025-10-22,79.0,Pro
USR_00814,2025-02-14,79.0,Pro
USR_00814,2025-03-16,79.0,Pro
USR_00815,2025-01-18,29.0,Basic
USR_00815,2025-02-17,29.0,Basic
USR_00815,2025-03-19,79.0,Pro
USR_00816,2025-01-01,199.0,Enterprise
USR_00816,2025-01-31,199.0,Enterprise
USR_00816,2025-03-02,29.0,Basic
USR_00817,2025-07-23,29.0,Basic
USR_00818,2025-07-07,29.0,Basic
USR_00818,2025-08-06,29.0,Basic
USR_00818,2025-09-05,79.0,Pro
USR_00819,2025-04-25,29.0,Basic
USR_00820,2025-10-14,29.0,Basic
USR_00820,2025-11-13,29.0,Basic
USR_00820,2025-12-13,29.0,Basic
USR_00821,2025-02-10,29.0,Basic
USR_00821,2025-03-12,29.0,Basic
USR_00822,2025-02-08,29.0,Basic
USR_00822,2025-03-10,79.0,Pro
USR_00822,2025-04-09,29.0,Basic
USR_00822,2025-05-09,79.0,Pro
USR_00822,2025-06-08,79.0,Pro
USR_00822,2025-07-08,79.0,Pro
USR_00823,2025-10-21,29.0,Basic
USR_00823,2025-11-20,29.0,Basic
USR_00823,2025-12-20,29.0,Basic
USR_00824,2025-08-11,79.0,Pro
USR_00824,2025-09-10,29.0,Basic
USR_00824,2025-10-10,199.0,Enterprise
USR_00824,2025-11-09,29.0,Basic
USR_00824,2025-12-09,79.0,Pro
USR_00825,2025-06-18,29.0,Basic
USR_00825,2025-07-18,79.0,Pro
USR_00826,2025-07-03,29.0,Basic
USR_00826,2025-08-02,79.0,Pro
USR_00826,2025-09-01,79.0,Pro
USR_00826,2025-10-01,29.0,Basic
USR_00827,2025-04-04,29.0,Basic
USR_00828,2025-03-12,199.0,Enterprise
USR_00828,2025-04-11,29.0,Basic
USR_00829,2025-02-13,79.0,Pro
USR_00830,2025-03-22,29.0,Basic
USR_00830,2025-04-21,29.0,Basic
USR_00831,2025-03-17,29.0,Basic
USR_00831,2025-04-16,29.0,Basic
USR_00831,2025-05-16,29.0,Basic
USR_00831,2025-06-15,29.0,Basic
USR_00832,2025-05-21,29.0,Basic
USR_00832,2025-06-20,29.0,Basic
USR_00833,2025-02-05,29.0,Basic
USR_00833,2025-03-07,29.0,Basic
USR_00833,2025-04-06,29.0,Basic
USR_00833,2025-05-06,29.0,Basic
USR_00834,2025-01-14,29.0,Basic
USR_00834,2025-02-13,29.0,Basic
USR_00834,2025-03-15,29.0,Basic
USR_00835,2025-06-21,199.0,Enterprise
USR_00835,2025-07-21,199.0,Enterprise
USR_00836,2025-07-22,29.0,Basic
USR_00836,2025-08-21,79.0,Pro
USR_00837,2025-02-13,29.0,Basic
USR_00837,2025-03-15,29.0,Basic
USR_00837,2025-04-14,29.0,Basic
USR_00838,2025-01-02,29.0,Basic
USR_00838,2025-02-01,29.0,Basic
USR_00839,2025-08-26,29.0,Basic
USR_00839,2025-09-25,29.0,Basic
USR_00840,2025-10-15,29.0,Basic
USR_00840,2025-11-14,29.0,Basic
USR_00840,2025-12-14,29.0,Basic
USR_00841,2025-10-17,29.0,Basic
USR_00841,2025-11-16,29.0,Basic
USR_00842,2025-07-13,79.0,Pro
USR_00842,2025-08-12,29.0,Basic
USR_00842,2025-09-11,29.0,Basic
USR_00842,2025-10-11,29.0,Basic
USR_00843,2025-07-22,29.0,Basic
USR_00843,2025-08-21,29.0,Basic
USR_00843,2025-09-20,199.0,Enterprise
USR_00844,2025-01-16,79.0,Pro
USR_00844,2025-02-15,199.0,Enterprise
USR_00845,2025-02-11,29.0,Basic
USR_00845,2025-03-13,79.0,Pro
USR_00845,2025-04-12,199.0,Enterprise
USR_00845,2025-05-12,29.0,Basic
USR_00845,2025-06-11,79.0,Pro
USR_00845,2025-07-11,29.0,Basic
USR_00846,2025-08-11,79.0,Pro
USR_00846,2025-09-10,29.0,Basic
USR_00846,2025-10-10,79.0,Pro
USR_00846,2025-11-09,199.0,Enterprise
USR_00847,2025-08-21,199.0,Enterprise
USR_00847,2025-09-20,79.0,Pro
USR_00848,2025-07-13,29.0,Basic
USR_00848,2025-08-12,29.0,Basic
USR_00848,2025-09-11,79.0,Pro
USR_00848,2025-10-11,29.0,Basic
USR_00848,2025-11-10,29.0,Basic
USR_00849,2025-01-01,79.0,Pro
USR_00849,2025-01-31,29.0,Basic
USR_00850,2025-05-26,29.0,Basic
USR_00850,2025-06-25,29.0,Basic
USR_00850,2025-07-25,29.0,Basic
USR_00850,2025-08-24,29.0,Basic
USR_00851,2025-03-12,29.0,Basic
USR_00851,2025-04-11,79.0,Pro
USR_00851,2025-05-11,29.0,Basic
USR_00851,2025-06-10,79.0,Pro
USR_00851,2025-07-10,29.0,Basic
USR_00852,2025-08-01,79.0,Pro
USR_00853,2025-04-20,29.0,Basic
USR_00854,2025-01-26,29.0,Basic
USR_00854,2025-02-25,29.0,Basic
USR_00854,2025-03-27,199.0,Enterprise
USR_00855,2025-08-07,199.0,Enterprise
USR_00855,2025-09-06,29.0,Basic
USR_00855,2025-10-06,29.0,Basic
USR_00856,2025-02-27,79.0,Pro
USR_00856,2025-03-29,29.0,Basic
USR_00857,2025-05-09,79.0,Pro
USR_00857,2025-06-08,29.0,Basic
USR_00858,2025-05-16,29.0,Basic
USR_00858,2025-06-15,79.0,Pro
USR_00859,2025-07-06,29.0,Basic
USR_00859,2025-08-05,29.0,Basic
USR_00859,2025-09-04,29.0,Basic
USR_00859,2025-10-04,79.0,Pro
USR_00860,2025-10-09,29.0,Basic
USR_00860,2025-11-08,29.0,Basic
USR_00861,2025-01-27,29.0,Basic
USR_00862,2025-03-25,29.0,Basic
USR_00862,2025-04-24,199.0,Enterprise
USR_00862,2025-05-24,29.0,Basic
USR_00863,2025-01-15,29.0,Basic
USR_00863,2025-02-14,199.0,Enterprise
USR_00864,2025-06-25,29.0,Basic
USR_00864,2025-07-25,29.0,Basic
USR_00864,2025-08-24,79.0,Pro
USR_00864,2025-09-23,79.0,Pro
USR_00864,2025-10-23,29.0,Basic
USR_00865,2025-10-21,29.0,Basic
USR_00865,2025-11-20,79.0,Pro
USR_00865,2025-12-20,199.0,Enterprise
USR_00866,2025-06-13,29.0,Basic
USR_00866,2025-07-13,29.0,Basic
USR_00866,2025-08-12,199.0,Enterprise
USR_00867,2025-01-27,79.0,Pro
USR_00868,2025-01-22,199.0,Enterprise
USR_00868,2025-02-21,79.0,Pro
USR_00868,2025-03-23,29.0,Basic
USR_00868,2025-04-22,29.0,Basic
USR_00869,2025-01-27,79.0,Pro
USR_00869,2025-02-26,29.0,Basic
USR_00869,2025-03-28,199.0,Enterprise
USR_00870,2025-07-09,79.0,Pro
USR_00870,2025-08-08,79.0,Pro
USR_00871,2025-01-08,79.0,Pro
USR_00871,2025-02-07,79.0,Pro
USR_00871,2025-03-09,29.0,Basic
USR_00872,2025-08-14,29.0,Basic
USR_00872,2025-09-13,79.0,Pro
USR_00872,2025-10-13,29.0,Basic
USR_00872,2025-11-12,29.0,Basic
USR_00873,2025-05-20,29.0,Basic
USR_00873,2025-06-19,79.0,Pro
USR_00873,2025-07-19,29.0,Basic
USR_00874,2025-09-09,29.0,Basic
USR_00874,2025-10-09,29.0,Basic
USR_00874,2025-11-08,199.0,Enterprise
USR_00874,2025-12-08,79.0,Pro
USR_00875,2025-02-06,79.0,Pro
USR_00875,2025-03-08,79.0,Pro
USR_00875,2025-04-07,29.0,Basic
USR_00876,2025-04-11,199.0,Enterprise
USR_00876,2025-05-11,199.0,Enterprise
USR_00877,2025-03-08,79.0,Pro
USR_00877,2025-04-07,199.0,Enterprise
USR_00878,2025-10-04,79.0,Pro
USR_00878,2025-11-03,29.0,Basic
USR_00878,2025-12-03,79.0,Pro
USR_00879,2025-06-16,29.0,Basic
USR_00879,2025-07-16,199.0,Enterprise
USR_00880,2025-01-19,79.0,Pro
USR_00881,2025-01-13,29.0,Basic
USR_00881,2025-02-12,29.0,Basic
USR_00881,2025-03-14,29.0,Basic
USR_00881,2025-04-13,29.0,Basic
USR_00882,2025-01-22,29.0,Basic
USR_00882,2025-02-21,29.0,Basic
USR_00883,2025-05-13,29.0,Basic
USR_00883,2025-06-12,29.0,Basic
USR_00883,2025-07-12,29.0,Basic
USR_00884,2025-08-18,199.0,Enterprise
USR_00884,2025-09-17,79.0,Pro
USR_00885,2025-06-27,29.0,Basic
USR_00885,2025-07-27,79.0,Pro
USR_00885,2025-08-26,29.0,Basic
USR_00885,2025-09-25,29.0,Basic
USR_00886,2025-03-18,29.0,Basic
USR_00886,2025-04-17,29.0,Basic
USR_00887,2025-01-08,29.0,Basic
USR_00887,2025-02-07,79.0,Pro
USR_00887,2025-03-09,29.0,Basic
USR_00887,2025-04-08,29.0,Basic
USR_00888,2025-07-22,79.0,Pro
USR_00888,2025-08-21,79.0,Pro
USR_00889,2025-09-21,29.0,Basic
USR_00889,2025-10-21,29.0,Basic
USR_00889,2025-11-20,79.0,Pro
USR_00890,2025-01-28,29.0,Basic
USR_00890,2025-02-27,29.0,Basic
USR_00890,2025-03-29,29.0,Basic
USR_00891,2025-01-13,79.0,Pro
USR_00891,2025-02-12,199.0,Enterprise
USR_00891,2025-03-14,29.0,Basic
USR_00891,2025-04-13,79.0,Pro
USR_00892,2025-06-02,29.0,Basic
USR_00892,2025-07-02,79.0,Pro
USR_00892,2025-08-01,79.0,Pro
USR_00893,2025-02-17,29.0,Basic
USR_00893,2025-03-19,29.0,Basic
USR_00893,2025-04-18,29.0,Basic
USR_00893,2025-05-18,29.0,Basic
USR_00894,2025-01-19,79.0,Pro
USR_00895,2025-08-02,79.0,Pro
USR_00895,2025-09-01,29.0,Basic
USR_00895,2025-10-01,79.0,Pro
USR_00895,2025-10-31,29.0,Basic
USR_00895,2025-11-30,79.0,Pro
USR_00896,2025-08-11,29.0,Basic
USR_00896,2025-09-10,79.0,Pro
USR_00896,2025-10-10,79.0,Pro
USR_00896,2025-11-09,79.0,Pro
USR_00896,2025-12-09,29.0,Basic
USR_00897,2025-03-21,79.0,Pro
USR_00897,2025-04-20,29.0,Basic
USR_00897,2025-05-20,29.0,Basic
USR_00898,2025-01-24,29.0,Basic
USR_00898,2025-02-23,29.0,Basic
USR_00898,2025-03-25,29.0,Basic
USR_00898,2025-04-24,79.0,Pro
USR_00899,2025-04-21,29.0,Basic
USR_00899,2025-05-21,29.0,Basic
USR_00899,2025-06-20,29.0,Basic
USR_00899,2025-07-20,29.0,Basic
USR_00899,2025-08-19,79.0,Pro
USR_00900,2025-05-16,29.0,Basic
USR_00900,2025-06-15,29.0,Basic
USR_00900,2025-07-15,29.0,Basic
USR_00900,2025-08-14,29.0,Basic
USR_00901,2025-04-28,199.0,Enterprise
USR_00901,2025-05-28,29.0,Basic
USR_00902,2025-09-10,29.0,Basic
USR_00903,2025-01-26,29.0,Basic
USR_00904,2025-09-28,29.0,Basic
USR_00904,2025-10-28,199.0,Enterprise
USR_00904,2025-11-27,29.0,Basic
USR_00905,2025-09-20,29.0,Basic
USR_00905,2025-10-20,79.0,Pro
USR_00906,2025-09-25,29.0,Basic
USR_00906,2025-10-25,29.0,Basic
USR_00907,2025-10-11,79.0,Pro
USR_00907,2025-11-10,29.0,Basic
USR_00907,2025-12-10,79.0,Pro
USR_00908,2025-06-11,29.0,Basic
USR_00908,2025-07-11,29.0,Basic
USR_00909,2025-10-04,29.0,Basic
USR_00909,2025-11-03,29.0,Basic
USR_00910,2025-10-20,79.0,Pro
USR_00910,2025-11-19,29.0,Basic
USR_00911,2025-06-19,29.0,Basic
USR_00911,2025-07-19,29.0,Basic
USR_00912,2025-01-17,29.0,Basic
USR_00912,2025-02-16,29.0,Basic
USR_00913,2025-01-15,79.0,Pro
USR_00913,2025-02-14,29.0,Basic
USR_00913,2025-03-16,29.0,Basic
USR_00913,2025-04-15,79.0,Pro
USR_00913,2025-05-15,29.0,Basic
USR_00913,2025-06-14,199.0,Enterprise
USR_00914,2025-06-22,199.0,Enterprise
USR_00914,2025-07-22,79.0,Pro
USR_00914,2025-08-21,29.0,Basic
USR_00914,2025-09-20,29.0,Basic
USR_00915,2025-08-14,29.0,Basic
USR_00915,2025-09-13,199.0,Enterprise
USR_00915,2025-10-13,29.0,Basic
USR_00915,2025-11-12,79.0,Pro
USR_00915,2025-12-12,29.0,Basic
USR_00916,2025-02-24,79.0,Pro
USR_00916,2025-03-26,29.0,Basic
USR_00917,2025-07-03,29.0,Basic
USR_00918,2025-07-16,79.0,Pro
USR_00918,2025-08-15,29.0,Basic
USR_00919,2025-09-05,29.0,Basic
USR_00919,2025-10-05,79.0,Pro
USR_00920,2025-10-06,79.0,Pro
USR_00920,2025-11-05,29.0,Basic
USR_00920,2025-12-05,29.0,Basic
USR_00921,2025-09-10,29.0,Basic
USR_00921,2025-10-10,29.0,Basic
USR_00921,2025-11-09,29.0,Basic
USR_00921,2025-12-09,79.0,Pro
USR_00922,2025-05-09,29.0,Basic
USR_00922,2025-06-08,79.0,Pro
USR_00922,2025-07-08,199.0,Enterprise
USR_00922,2025-08-07,79.0,Pro
USR_00923,2025-08-31,79.0,Pro
USR_00923,2025-09-30,29.0,Basic
USR_00923,2025-10-30,29.0,Basic
USR_00924,2025-02-24,29.0,Basic
USR_00924,2025-03-26,79.0,Pro
USR_00924,2025-04-25,29.0,Basic
USR_00924,2025-05-25,79.0,Pro
USR_00925,2025-05-12,29.0,Basic
USR_00925,2025-06-11,29.0,Basic
USR_00925,2025-07-11,29.0,Basic
USR_00926,2025-08-04,199.0,Enterprise
USR_00926,2025-09-03,29.0,Basic
USR_00926,2025-10-03,79.0,Pro
USR_00926,2025-11-02,29.0,Basic
USR_00927,2025-10-03,29.0,Basic
USR_00927,2025-11-02,29.0,Basic
USR_00927,2025-12-02,29.0,Basic
USR_00928,2025-05-02,29.0,Basic
USR_00929,2025-01-14,29.0,Basic
USR_00929,2025-02-13,79.0,Pro
USR_00929,2025-03-15,29.0,Basic
USR_00930,2025-02-16,29.0,Basic
USR_00930,2025-03-18,79.0,Pro
USR_00930,2025-04-17,29.0,Basic
USR_00931,2025-01-19,199.0,Enterprise
USR_00932,2025-02-27,79.0,Pro
USR_00932,2025-03-29,79.0,Pro
USR_00933,2025-04-10,29.0,Basic
USR_00933,2025-05-10,29.0,Basic
USR_00933,2025-06-09,79.0,Pro
USR_00934,2025-06-23,29.0,Basic
USR_00934,2025-07-23,199.0,Enterprise
USR_00935,2025-02-24,29.0,Basic
USR_00935,2025-03-26,29.0,Basic
USR_00935,2025-04-25,199.0,Enterprise
USR_00935,2025-05-25,29.0,Basic
USR_00935,2025-06-24,199.0,Enterprise
USR_00936,2025-09-15,29.0,Basic
USR_00936,2025-10-15,29.0,Basic
USR_00936,2025-11-14,79.0,Pro
USR_00937,2025-09-21,29.0,Basic
USR_00937,2025-10-21,29.0,Basic
USR_00937,2025-11-20,29.0,Basic
USR_00938,2025-07-25,29.0,Basic
USR_00939,2025-09-10,29.0,Basic
USR_00940,2025-06-03,199.0,Enterprise
USR_00940,2025-07-03,79.0,Pro
USR_00940,2025-08-02,29.0,Basic
USR_00941,2025-01-24,79.0,Pro
USR_00941,2025-02-23,29.0,Basic
USR_00942,2025-02-11,79.0,Pro
USR_00942,2025-03-13,29.0,Basic
USR_00943,2025-09-15,29.0,Basic
USR_00943,2025-10-15,29.0,Basic
USR_00943,2025-11-14,29.0,Basic
USR_00944,2025-05-09,29.0,Basic
USR_00944,2025-06-08,29.0,Basic
USR_00945,2025-01-26,199.0,Enterprise
USR_00945,2025-02-25,79.0,Pro
USR_00946,2025-08-13,29.0,Basic
USR_00946,2025-09-12,29.0,Basic
USR_00946,2025-10-12,29.0,Basic
USR_00946,2025-11-11,79.0,Pro
USR_00946,2025-12-11,29.0,Basic
USR_00947,2025-01-04,79.0,Pro
USR_00947,2025-02-03,79.0,Pro
USR_00947,2025-03-05,79.0,Pro
USR_00947,2025-04-04,29.0,Basic
USR_00948,2025-08-11,79.0,Pro
USR_00948,2025-09-10,29.0,Basic
USR_00948,2025-10-10,199.0,Enterprise
USR_00949,2025-01-12,29.0,Basic
USR_00950,2025-06-06,29.0,Basic
USR_00950,2025-07-06,199.0,Enterprise
USR_00950,2025-08-05,29.0,Basic
USR_00950,2025-09-04,29.0,Basic
USR_00950,2025-10-04,79.0,Pro
USR_00950,2025-11-03,79.0,Pro
USR_00951,2025-02-10,29.0,Basic
USR_00952,2025-04-15,79.0,Pro
USR_00952,2025-05-15,199.0,Enterprise
USR_00952,2025-06-14,29.0,Basic
USR_00953,2025-10-23,29.0,Basic
USR_00953,2025-11-22,29.0,Basic
USR_00954,2025-07-17,79.0,Pro
USR_00954,2025-08-16,29.0,Basic
USR_00955,2025-09-10,79.0,Pro
USR_00955,2025-10-10,199.0,Enterprise
USR_00955,2025-11-09,79.0,Pro
USR_00955,2025-12-09,199.0,Enterprise
USR_00956,2025-03-16,29.0,Basic
USR_00956,2025-04-15,79.0,Pro
USR_00957,2025-01-28,79.0,Pro
USR_00957,2025-02-27,79.0,Pro
USR_00957,2025-03-29,29.0,Basic
USR_00957,2025-04-28,29.0,Basic
USR_00958,2025-10-15,79.0,Pro
USR_00958,2025-11-14,29.0,Basic
USR_00959,2025-06-13,29.0,Basic
USR_00959,2025-07-13,79.0,Pro
USR_00959,2025-08-12,79.0,Pro
USR_00959,2025-09-11,29.0,Basic
USR_00960,2025-08-16,29.0,Basic
USR_00960,2025-09-15,29.0,Basic
USR_00961,2025-04-10,29.0,Basic
USR_00961,2025-05-10,29.0,Basic
USR_00961,2025-06-09,199.0,Enterprise
USR_00961,2025-07-09,79.0,Pro
USR_00962,2025-07-02,29.0,Basic
USR_00962,2025-08-01,199.0,Enterprise
USR_00963,2025-08-13,29.0,Basic
USR_00963,2025-09-12,199.0,Enterprise
USR_00963,2025-10-12,29.0,Basic
USR_00964,2025-04-26,199.0,Enterprise
USR_00964,2025-05-26,29.0,Basic
USR_00965,2025-09-01,29.0,Basic
USR_00965,2025-10-01,29.0,Basic
USR_00966,2025-10-19,79.0,Pro
USR_00966,2025-11-18,29.0,Basic
USR_00966,2025-12-18,29.0,Basic
USR_00967,2025-01-07,29.0,Basic
USR_00967,2025-02-06,29.0,Basic
USR_00968,2025-07-13,29.0,Basic
USR_00969,2025-07-03,29.0,Basic
USR_00969,2025-08-02,79.0,Pro
USR_00970,2025-09-28,79.0,Pro
USR_00971,2025-02-13,29.0,Basic
USR_00971,2025-03-15,29.0,Basic
USR_00971,2025-04-14,79.0,Pro
USR_00971,2025-05-14,29.0,Basic
USR_00971,2025-06-13,79.0,Pro
USR_00971,2025-07-13,79.0,Pro
USR_00971,2025-08-12,29.0,Basic
USR_00971,2025-09-11,29.0,Basic
USR_00972,2025-05-26,79.0,Pro
USR_00972,2025-06-25,29.0,Basic
USR_00973,2025-05-28,199.0,Enterprise
USR_00973,2025-06-27,29.0,Basic
USR_00973,2025-07-27,79.0,Pro
USR_00973,2025-08-26,79.0,Pro
USR_00974,2025-08-15,79.0,Pro
USR_00974,2025-09-14,29.0,Basic
USR_00974,2025-10-14,29.0,Basic
USR_00974,2025-11-13,199.0,Enterprise
USR_00974,2025-12-13,29.0,Basic
USR_00975,2025-02-01,79.0,Pro
USR_00975,2025-03-03,29.0,Basic
USR_00975,2025-04-02,29.0,Basic
USR_00975,2025-05-02,79.0,Pro
USR_00975,2025-06-01,29.0,Basic
USR_00975,2025-07-01,29.0,Basic
USR_00976,2025-07-19,199.0,Enterprise
USR_00976,2025-08-18,79.0,Pro
USR_00976,2025-09-17,199.0,Enterprise
USR_00976,2025-10-17,29.0,Basic
USR_00977,2025-03-28,79.0,Pro
USR_00977,2025-04-27,29.0,Basic
USR_00977,2025-05-27,29.0,Basic
USR_00977,2025-06-26,29.0,Basic
USR_00977,2025-07-26,199.0,Enterprise
USR_00978,2025-04-27,199.0,Enterprise
USR_00978,2025-05-27,29.0,Basic
USR_00979,2025-07-16,29.0,Basic
USR_00979,2025-08-15,29.0,Basic
USR_00980,2025-03-28,29.0,Basic
USR_00980,2025-04-27,29.0,Basic
USR_00980,2025-05-27,79.0,Pro
USR_00981,2025-10-19,29.0,Basic
USR_00981,2025-11-18,79.0,Pro
USR_00981,2025-12-18,29.0,Basic
USR_00982,2025-08-04,79.0,Pro
USR_00982,2025-09-03,29.0,Basic
USR_00983,2025-10-09,29.0,Basic
USR_00983,2025-11-08,29.0,Basic
USR_00983,2025-12-08,29.0,Basic
USR_00984,2025-03-08,29.0,Basic
USR_00984,2025-04-07,199.0,Enterprise
USR_00985,2025-02-17,29.0,Basic
USR_00986,2025-01-07,29.0,Basic
USR_00986,2025-02-06,29.0,Basic
USR_00986,2025-03-08,29.0,Basic
USR_00986,2025-04-07,79.0,Pro
USR_00987,2025-01-09,79.0,Pro
USR_00987,2025-02-08,29.0,Basic
USR_00987,2025-03-10,29.0,Basic
USR_00988,2025-10-21,29.0,Basic
USR_00988,2025-11-20,29.0,Basic
USR_00988,2025-12-20,79.0,Pro
USR_00989,2025-05-20,29.0,Basic
USR_00989,2025-06-19,29.0,Basic
USR_00990,2025-08-13,29.0,Basic
USR_00990,2025-09-12,29.0,Basic
USR_00990,2025-10-12,29.0,Basic
USR_00990,2025-11-11,79.0,Pro
USR_00991,2025-01-31,29.0,Basic
USR_00991,2025-03-02,29.0,Basic
USR_00992,2025-05-19,29.0,Basic
USR_00992,2025-06-18,79.0,Pro
USR_00992,2025-07-18,29.0,Basic
USR_00993,2025-06-15,29.0,Basic
USR_00993,2025-07-15,79.0,Pro
USR_00993,2025-08-14,29.0,Basic
USR_00993,2025-09-13,29.0,Basic
USR_00994,2025-09-12,199.0,Enterprise
USR_00995,2025-06-18,79.0,Pro
USR_00995,2025-07-18,29.0,Basic
USR_00996,2025-01-13,79.0,Pro
USR_00996,2025-02-12,79.0,Pro
USR_00996,2025-03-14,29.0,Basic
USR_00996,2025-04-13,29.0,Basic
USR_00997,2025-01-13,29.0,Basic
USR_00997,2025-02-12,29.0,Basic
USR_00997,2025-03-14,29.0,Basic
USR_00998,2025-03-24,29.0,Basic
USR_00999,2025-08-03,79.0,Pro
USR_01000,2025-06-12,29.0,Basic
USR_01001,2025-08-19,79.0,Pro
USR_01001,2025-09-18,79.0,Pro
USR_01002,2025-02-04,29.0,Basic
USR_01002,2025-03-06,199.0,Enterprise
USR_01002,2025-04-05,29.0,Basic
USR_01003,2025-01-08,199.0,Enterprise
USR_01003,2025-02-07,29.0,Basic
USR_01003,2025-03-09,79.0,Pro
USR_01003,2025-04-08,29.0,Basic
USR_01004,2025-03-29,29.0,Basic
USR_01004,2025-04-28,79.0,Pro
USR_01004,2025-05-28,79.0,Pro
USR_01005,2025-08-07,29.0,Basic
USR_01005,2025-09-06,29.0,Basic
USR_01005,2025-10-06,29.0,Basic
USR_01006,2025-05-07,79.0,Pro
USR_01007,2025-09-22,79.0,Pro
USR_01007,2025-10-22,79.0,Pro
USR_01008,2025-01-28,199.0,Enterprise
USR_01008,2025-02-27,29.0,Basic
USR_01009,2025-08-02,29.0,Basic
USR_01009,2025-09-01,79.0,Pro
USR_01009,2025-10-01,29.0,Basic
USR_01009,2025-10-31,79.0,Pro
USR_01009,2025-11-30,79.0,Pro
USR_01010,2025-06-30,29.0,Basic
USR_01010,2025-07-30,79.0,Pro
USR_01010,2025-08-29,79.0,Pro
USR_01010,2025-09-28,199.0,Enterprise
USR_01011,2025-01-10,29.0,Basic
USR_01011,2025-02-09,199.0,Enterprise
USR_01011,2025-03-11,79.0,Pro
USR_01012,2025-03-22,79.0,Pro
USR_01012,2025-04-21,29.0,Basic
USR_01012,2025-05-21,29.0,Basic
USR_01013,2025-01-01,199.0,Enterprise
USR_01013,2025-01-31,79.0,Pro
USR_01014,2025-01-19,29.0,Basic
USR_01014,2025-02-18,79.0,Pro
USR_01014,2025-03-20,29.0,Basic
USR_01015,2025-01-15,79.0,Pro
USR_01015,2025-02-14,79.0,Pro
USR_01015,2025-03-16,29.0,Basic
USR_01015,2025-04-15,29.0,Basic
USR_01016,2025-06-21,29.0,Basic
USR_01016,2025-07-21,79.0,Pro
USR_01017,2025-09-10,29.0,Basic
USR_01017,2025-10-10,79.0,Pro
USR_01017,2025-11-09,79.0,Pro
USR_01018,2025-09-15,79.0,Pro
USR_01018,2025-10-15,79.0,Pro
USR_01018,2025-11-14,199.0,Enterprise
USR_01018,2025-12-14,29.0,Basic
USR_01019,2025-02-12,29.0,Basic
USR_01020,2025-08-30,29.0,Basic
USR_01021,2025-01-23,29.0,Basic
USR_01022,2025-08-16,29.0,Basic
USR_01023,2025-01-17,29.0,Basic
USR_01024,2025-09-24,79.0,Pro
USR_01024,2025-10-24,29.0,Basic
USR_01024,2025-11-23,79.0,Pro
USR_01024,2025-12-23,79.0,Pro
USR_01025,2025-10-13,79.0,Pro
USR_01025,2025-11-12,29.0,Basic
USR_01026,2025-02-23,199.0,Enterprise
USR_01026,2025-03-25,29.0,Basic
USR_01026,2025-04-24,199.0,Enterprise
USR_01026,2025-05-24,29.0,Basic
USR_01027,2025-03-08,29.0,Basic
USR_01027,2025-04-07,79.0,Pro
USR_01028,2025-09-16,29.0,Basic
USR_01028,2025-10-16,29.0,Basic
USR_01029,2025-04-01,199.0,Enterprise
USR_01030,2025-07-13,79.0,Pro
USR_01030,2025-08-12,29.0,Basic
USR_01030,2025-09-11,29.0,Basic
USR_01030,2025-10-11,29.0,Basic
USR_01030,2025-11-10,29.0,Basic
USR_01031,2025-05-23,199.0,Enterprise
USR_01031,2025-06-22,199.0,Enterprise
USR_01032,2025-03-02,79.0,Pro
USR_01033,2025-08-04,29.0,Basic
USR_01034,2025-08-20,29.0,Basic
USR_01035,2025-06-20,29.0,Basic
USR_01035,2025-07-20,29.0,Basic
USR_01035,2025-08-19,29.0,Basic
USR_01036,2025-08-17,29.0,Basic
USR_01036,2025-09-16,79.0,Pro
USR_01036,2025-10-16,79.0,Pro
USR_01036,2025-11-15,79.0,Pro
USR_01036,2025-12-15,29.0,Basic
USR_01037,2025-01-10,29.0,Basic
USR_01038,2025-06-17,79.0,Pro
USR_01038,2025-07-17,29.0,Basic
USR_01039,2025-09-04,29.0,Basic
USR_01039,2025-10-04,29.0,Basic
USR_01040,2025-06-21,29.0,Basic
USR_01040,2025-07-21,29.0,Basic
USR_01040,2025-08-20,79.0,Pro
USR_01041,2025-09-29,29.0,Basic
USR_01041,2025-10-29,29.0,Basic
USR_01041,2025-11-28,29.0,Basic
USR_01042,2025-06-12,29.0,Basic
USR_01042,2025-07-12,29.0,Basic
USR_01042,2025-08-11,79.0,Pro
USR_01043,2025-03-29,29.0,Basic
USR_01043,2025-04-28,29.0,Basic
USR_01043,2025-05-28,29.0,Basic
USR_01044,2025-05-05,29.0,Basic
USR_01044,2025-06-04,79.0,Pro
USR_01044,2025-07-04,29.0,Basic
USR_01044,2025-08-03,29.0,Basic
USR_01044,2025-09-02,29.0,Basic
USR_01045,2025-01-31,29.0,Basic
USR_01045,2025-03-02,199.0,Enterprise
USR_01045,2025-04-01,79.0,Pro
USR_01046,2025-03-13,29.0,Basic
USR_01046,2025-04-12,29.0,Basic
USR_01046,2025-05-12,29.0,Basic
USR_01046,2025-06-11,79.0,Pro
USR_01046,2025-07-11,29.0,Basic
USR_01047,2025-01-14,29.0,Basic
USR_01047,2025-02-13,29.0,Basic
USR_01048,2025-03-23,29.0,Basic
USR_01048,2025-04-22,29.0,Basic
USR_01049,2025-08-17,29.0,Basic
USR_01049,2025-09-16,29.0,Basic
USR_01049,2025-10-16,29.0,Basic
USR_01049,2025-11-15,29.0,Basic
USR_01049,2025-12-15,79.0,Pro
USR_01050,2025-06-27,29.0,Basic
USR_01050,2025-07-27,29.0,Basic
USR_01050,2025-08-26,79.0,Pro
USR_01050,2025-09-25,199.0,Enterprise
USR_01051,2025-02-14,79.0,Pro
USR_01051,2025-03-16,79.0,Pro
USR_01051,2025-04-15,29.0,Basic
USR_01051,2025-05-15,29.0,Basic
USR_01052,2025-06-02,29.0,Basic
USR_01052,2025-07-02,29.0,Basic
USR_01052,2025-08-01,29.0,Basic
USR_01053,2025-04-13,79.0,Pro
USR_01053,2025-05-13,29.0,Basic
USR_01053,2025-06-12,79.0,Pro
USR_01054,2025-03-20,79.0,Pro
USR_01054,2025-04-19,199.0,Enterprise
USR_01054,2025-05-19,79.0,Pro
USR_01055,2025-08-04,29.0,Basic
USR_01055,2025-09-03,79.0,Pro
USR_01056,2025-10-20,79.0,Pro
USR_01056,2025-11-19,29.0,Basic
USR_01057,2025-06-19,29.0,Basic
USR_01057,2025-07-19,29.0,Basic
USR_01058,2025-07-30,79.0,Pro
USR_01058,2025-08-29,199.0,Enterprise
USR_01058,2025-09-28,29.0,Basic
USR_01058,2025-10-28,29.0,Basic
USR_01059,2025-08-21,79.0,Pro
USR_01059,2025-09-20,29.0,Basic
USR_01060,2025-10-20,29.0,Basic
USR_01060,2025-11-19,29.0,Basic
USR_01061,2025-06-02,199.0,Enterprise
USR_01062,2025-07-10,79.0,Pro
USR_01062,2025-08-09,29.0,Basic
USR_01063,2025-05-23,29.0,Basic
USR_01063,2025-06-22,79.0,Pro
USR_01064,2025-03-22,199.0,Enterprise
USR_01064,2025-04-21,29.0,Basic
USR_01065,2025-05-09,79.0,Pro
USR_01065,2025-06-08,29.0,Basic
USR_01065,2025-07-08,29.0,Basic
USR_01065,2025-08-07,79.0,Pro
USR_01066,2025-03-23,29.0,Basic
USR_01066,2025-04-22,199.0,Enterprise
USR_01066,2025-05-22,29.0,Basic
USR_01067,2025-03-17,29.0,Basic
USR_01067,2025-04-16,79.0,Pro
USR_01067,2025-05-16,29.0,Basic
USR_01068,2025-08-23,29.0,Basic
USR_01069,2025-02-23,29.0,Basic
USR_01069,2025-03-25,79.0,Pro
USR_01069,2025-04-24,29.0,Basic
USR_01069,2025-05-24,29.0,Basic
USR_01070,2025-06-09,29.0,Basic
USR_01070,2025-07-09,29.0,Basic
USR_01070,2025-08-08,29.0,Basic
USR_01071,2025-02-04,79.0,Pro
USR_01072,2025-02-18,29.0,Basic
USR_01073,2025-03-19,79.0,Pro
USR_01073,2025-04-18,29.0,Basic
USR_01073,2025-05-18,199.0,Enterprise
USR_01074,2025-03-29,79.0,Pro
USR_01074,2025-04-28,29.0,Basic
USR_01075,2025-06-24,79.0,Pro
USR_01076,2025-01-19,29.0,Basic
USR_01076,2025-02-18,29.0,Basic
USR_01077,2025-04-04,29.0,Basic
USR_01078,2025-08-30,29.0,Basic
USR_01078,2025-09-29,29.0,Basic
USR_01078,2025-10-29,29.0,Basic
USR_01079,2025-07-08,79.0,Pro
USR_01079,2025-08-07,29.0,Basic
USR_01079,2025-09-06,29.0,Basic
USR_01079,2025-10-06,29.0,Basic
USR_01079,2025-11-05,79.0,Pro
USR_01080,2025-01-23,29.0,Basic
USR_01081,2025-06-12,29.0,Basic
USR_01082,2025-08-01,29.0,Basic
USR_01082,2025-08-31,29.0,Basic
USR_01083,2025-10-09,29.0,Basic
USR_01084,2025-07-09,29.0,Basic
USR_01085,2025-05-18,29.0,Basic
USR_01086,2025-01-14,29.0,Basic
USR_01086,2025-02-13,29.0,Basic
USR_01086,2025-03-15,29.0,Basic
USR_01086,2025-04-14,79.0,Pro
USR_01086,2025-05-14,79.0,Pro
USR_01087,2025-10-22,29.0,Basic
USR_01087,2025-11-21,79.0,Pro
USR_01088,2025-05-20,29.0,Basic
USR_01088,2025-06-19,199.0,Enterprise
USR_01088,2025-07-19,29.0,Basic
USR_01088,2025-08-18,79.0,Pro
USR_01089,2025-06-16,29.0,Basic
USR_01089,2025-07-16,79.0,Pro
USR_01089,2025-08-15,29.0,Basic
USR_01090,2025-04-08,29.0,Basic
USR_01090,2025-05-08,29.0,Basic
USR_01091,2025-06-10,29.0,Basic
USR_01091,2025-07-10,29.0,Basic
USR_01092,2025-01-15,29.0,Basic
USR_01093,2025-03-28,79.0,Pro
USR_01093,2025-04-27,29.0,Basic
USR_01094,2025-09-03,29.0,Basic
USR_01094,2025-10-03,29.0,Basic
USR_01095,2025-09-08,199.0,Enterprise
USR_01095,2025-10-08,29.0,Basic
USR_01095,2025-11-07,199.0,Enterprise
USR_01096,2025-10-25,79.0,Pro
USR_01096,2025-11-24,29.0,Basic
USR_01096,2025-12-24,79.0,Pro
USR_01097,2025-08-14,29.0,Basic
USR_01097,2025-09-13,199.0,Enterprise
USR_01097,2025-10-13,79.0,Pro
USR_01097,2025-11-12,29.0,Basic
USR_01097,2025-12-12,29.0,Basic
USR_01098,2025-10-17,199.0,Enterprise
USR_01099,2025-01-16,29.0,Basic
USR_01099,2025-02-15,29.0,Basic
USR_01100,2025-10-19,29.0,Basic
USR_01100,2025-11-18,29.0,Basic
USR_01101,2025-06-26,29.0,Basic
USR_01101,2025-07-26,79.0,Pro
USR_01101,2025-08-25,29.0,Basic
USR_01102,2025-05-04,29.0,Basic
USR_01102,2025-06-03,79.0,Pro
USR_01103,2025-06-14,29.0,Basic
USR_01103,2025-07-14,199.0,Enterprise
USR_01104,2025-02-25,29.0,Basic
USR_01105,2025-08-15,79.0,Pro
USR_01105,2025-09-14,29.0,Basic
USR_01105,2025-10-14,79.0,Pro
USR_01105,2025-11-13,79.0,Pro
USR_01105,2025-12-13,79.0,Pro
USR_01106,2025-04-05,79.0,Pro
USR_01106,2025-05-05,29.0,Basic
USR_01106,2025-06-04,29.0,Basic
USR_01107,2025-10-16,29.0,Basic
USR_01107,2025-11-15,29.0,Basic
USR_01107,2025-12-15,29.0,Basic
USR_01108,2025-03-08,79.0,Pro
USR_01108,2025-04-07,199.0,Enterprise
USR_01108,2025-05-07,79.0,Pro
USR_01108,2025-06-06,29.0,Basic
USR_01109,2025-08-03,79.0,Pro
USR_01110,2025-08-20,79.0,Pro
USR_01111,2025-09-19,29.0,Basic
USR_01111,2025-10-19,29.0,Basic
USR_01111,2025-11-18,29.0,Basic
USR_01112,2025-10-24,29.0,Basic
USR_01112,2025-11-23,29.0,Basic
USR_01112,2025-12-23,79.0,Pro
USR_01113,2025-10-09,29.0,Basic
USR_01113,2025-11-08,29.0,Basic
USR_01114,2025-05-21,29.0,Basic
USR_01115,2025-04-08,79.0,Pro
USR_01115,2025-05-08,79.0,Pro
USR_01115,2025-06-07,79.0,Pro
USR_01116,2025-08-22,29.0,Basic
USR_01117,2025-07-25,79.0,Pro
USR_01117,2025-08-24,29.0,Basic
USR_01117,2025-09-23,79.0,Pro
USR_01118,2025-04-09,79.0,Pro
USR_01119,2025-03-12,29.0,Basic
USR_01119,2025-04-11,199.0,Enterprise
USR_01120,2025-04-16,29.0,Basic
USR_01121,2025-06-08,79.0,Pro
USR_01121,2025-07-08,29.0,Basic
USR_01121,2025-08-07,29.0,Basic
USR_01122,2025-03-19,29.0,Basic
USR_01122,2025-04-18,29.0,Basic
USR_01122,2025-05-18,29.0,Basic
USR_01122,2025-06-17,79.0,Pro
USR_01123,2025-06-11,29.0,Basic
USR_01123,2025-07-11,199.0,Enterprise
USR_01124,2025-08-17,29.0,Basic
USR_01124,2025-09-16,29.0,Basic
USR_01124,2025-10-16,29.0,Basic
USR_01125,2025-05-21,79.0,Pro
USR_01126,2025-07-19,29.0,Basic
USR_01126,2025-08-18,29.0,Basic
USR_01126,2025-09-17,29.0,Basic
USR_01127,2025-03-24,199.0,Enterprise
USR_01128,2025-08-09,29.0,Basic
USR_01128,2025-09-08,29.0,Basic
USR_01128,2025-10-08,29.0,Basic
USR_01128,2025-11-07,29.0,Basic
USR_01128,2025-12-07,199.0,Enterprise
USR_01129,2025-01-13,29.0,Basic
USR_01129,2025-02-12,79.0,Pro
USR_01130,2025-03-05,79.0,Pro
USR_01130,2025-04-04,29.0,Basic
USR_01130,2025-05-04,79.0,Pro
USR_01131,2025-01-14,29.0,Basic
USR_01131,2025-02-13,29.0,Basic
USR_01132,2025-01-19,199.0,Enterprise
USR_01132,2025-02-18,79.0,Pro
USR_01132,2025-03-20,199.0,Enterprise
USR_01132,2025-04-19,199.0,Enterprise
USR_01133,2025-01-22,199.0,Enterprise
USR_01133,2025-02-21,29.0,Basic
USR_01133,2025-03-23,29.0,Basic
USR_01133,2025-04-22,29.0,Basic
USR_01133,2025-05-22,29.0,Basic
USR_01133,2025-06-21,79.0,Pro
USR_01134,2025-10-19,79.0,Pro
USR_01135,2025-06-12,199.0,Enterprise
USR_01136,2025-05-07,29.0,Basic
USR_01137,2025-04-20,79.0,Pro
USR_01138,2025-01-20,29.0,Basic
USR_01138,2025-02-19,29.0,Basic
USR_01139,2025-03-16,199.0,Enterprise
USR_01139,2025-04-15,79.0,Pro
USR_01140,2025-01-21,199.0,Enterprise
USR_01141,2025-03-19,79.0,Pro
USR_01141,2025-04-18,29.0,Basic
USR_01141,2025-05-18,29.0,Basic
USR_01141,2025-06-17,29.0,Basic
USR_01141,2025-07-17,29.0,Basic
USR_01142,2025-05-06,29.0,Basic
USR_01143,2025-04-21,79.0,Pro
USR_01144,2025-05-03,79.0,Pro
USR_01144,2025-06-02,29.0,Basic
USR_01144,2025-07-02,79.0,Pro
USR_01144,2025-08-01,79.0,Pro
USR_01145,2025-05-06,79.0,Pro
USR_01145,2025-06-05,29.0,Basic
USR_01146,2025-07-11,199.0,Enterprise
USR_01147,2025-01-21,199.0,Enterprise
USR_01147,2025-02-20,29.0,Basic
USR_01147,2025-03-22,29.0,Basic
USR_01148,2025-04-09,79.0,Pro
USR_01148,2025-05-09,29.0,Basic
USR_01149,2025-05-05,29.0,Basic
USR_01149,2025-06-04,29.0,Basic
USR_01149,2025-07-04,29.0,Basic
USR_01150,2025-05-06,29.0,Basic
USR_01150,2025-06-05,29.0,Basic
USR_01150,2025-07-05,79.0,Pro
USR_01151,2025-01-17,79.0,Pro
USR_01151,2025-02-16,29.0,Basic
USR_01152,2025-03-29,29.0,Basic
USR_01153,2025-05-01,29.0,Basic
USR_01153,2025-05-31,29.0,Basic
USR_01154,2025-07-09,29.0,Basic
USR_01154,2025-08-08,29.0,Basic
USR_01154,2025-09-07,29.0,Basic
USR_01154,2025-10-07,29.0,Basic
USR_01154,2025-11-06,29.0,Basic
USR_01155,2025-08-04,29.0,Basic
USR_01155,2025-09-03,29.0,Basic
USR_01156,2025-08-31,29.0,Basic
USR_01156,2025-09-30,29.0,Basic
USR_01157,2025-07-07,79.0,Pro
USR_01157,2025-08-06,29.0,Basic
USR_01157,2025-09-05,29.0,Basic
USR_01158,2025-03-20,79.0,Pro
USR_01158,2025-04-19,79.0,Pro
USR_01158,2025-05-19,29.0,Basic
USR_01158,2025-06-18,29.0,Basic
USR_01159,2025-05-16,79.0,Pro
USR_01159,2025-06-15,29.0,Basic
USR_01159,2025-07-15,29.0,Basic
USR_01160,2025-02-24,29.0,Basic
USR_01160,2025-03-26,29.0,Basic
USR_01161,2025-03-20,29.0,Basic
USR_01161,2025-04-19,29.0,Basic
USR_01161,2025-05-19,79.0,Pro
USR_01161,2025-06-18,29.0,Basic
USR_01162,2025-10-07,29.0,Basic
USR_01162,2025-11-06,29.0,Basic
USR_01162,2025-12-06,29.0,Basic
USR_01163,2025-01-28,199.0,Enterprise
USR_01164,2025-01-22,29.0,Basic
USR_01164,2025-02-21,29.0,Basic
USR_01164,2025-03-23,29.0,Basic
USR_01164,2025-04-22,79.0,Pro
USR_01164,2025-05-22,29.0,Basic
USR_01164,2025-06-21,29.0,Basic
USR_01164,2025-07-21,199.0,Enterprise
USR_01165,2025-01-28,79.0,Pro
USR_01166,2025-01-22,199.0,Enterprise
USR_01167,2025-06-10,79.0,Pro
USR_01167,2025-07-10,79.0,Pro
USR_01167,2025-08-09,79.0,Pro
USR_01168,2025-01-12,79.0,Pro
USR_01168,2025-02-11,29.0,Basic
USR_01169,2025-01-12,79.0,Pro
USR_01169,2025-02-11,29.0,Basic
USR_01169,2025-03-13,29.0,Basic
USR_01169,2025-04-12,79.0,Pro
USR_01169,2025-05-12,199.0,Enterprise
USR_01169,2025-06-11,29.0,Basic
USR_01170,2025-08-11,29.0,Basic
USR_01170,2025-09-10,29.0,Basic
USR_01170,2025-10-10,29.0,Basic
USR_01170,2025-11-09,29.0,Basic
USR_01170,2025-12-09,29.0,Basic
USR_01171,2025-03-03,29.0,Basic
USR_01171,2025-04-02,79.0,Pro
USR_01171,2025-05-02,29.0,Basic
USR_01171,2025-06-01,79.0,Pro
USR_01171,2025-07-01,79.0,Pro
USR_01171,2025-07-31,79.0,Pro
USR_01171,2025-08-30,29.0,Basic
USR_01172,2025-05-01,29.0,Basic
USR_01172,2025-05-31,199.0,Enterprise
USR_01173,2025-06-21,199.0,Enterprise
USR_01173,2025-07-21,199.0,Enterprise
USR_01173,2025-08-20,79.0,Pro
USR_01173,2025-09-19,29.0,Basic
USR_01174,2025-10-18,29.0,Basic
USR_01174,2025-11-17,29.0,Basic
USR_01175,2025-05-03,79.0,Pro
USR_01175,2025-06-02,29.0,Basic
USR_01176,2025-04-20,29.0,Basic
USR_01176,2025-05-20,29.0,Basic
USR_01176,2025-06-19,79.0,Pro
USR_01176,2025-07-19,29.0,Basic
USR_01177,2025-08-22,29.0,Basic
USR_01177,2025-09-21,29.0,Basic
USR_01178,2025-07-15,29.0,Basic
USR_01178,2025-08-14,29.0,Basic
USR_01178,2025-09-13,79.0,Pro
USR_01179,2025-03-08,199.0,Enterprise
USR_01179,2025-04-07,29.0,Basic
USR_01180,2025-10-13,29.0,Basic
USR_01180,2025-11-12,29.0,Basic
USR_01180,2025-12-12,29.0,Basic
USR_01181,2025-06-17,29.0,Basic
USR_01181,2025-07-17,29.0,Basic
USR_01182,2025-01-09,79.0,Pro
USR_01182,2025-02-08,79.0,Pro
USR_01182,2025-03-10,79.0,Pro
USR_01183,2025-02-24,29.0,Basic
USR_01183,2025-03-26,29.0,Basic
USR_01183,2025-04-25,199.0,Enterprise
USR_01183,2025-05-25,199.0,Enterprise
USR_01183,2025-06-24,79.0,Pro
USR_01183,2025-07-24,29.0,Basic
USR_01183,2025-08-23,79.0,Pro
USR_01184,2025-05-08,79.0,Pro
USR_01184,2025-06-07,199.0,Enterprise
USR_01184,2025-07-07,79.0,Pro
USR_01184,2025-08-06,199.0,Enterprise
USR_01184,2025-09-05,29.0,Basic
USR_01185,2025-01-13,29.0,Basic
USR_01185,2025-02-12,79.0,Pro
USR_01186,2025-06-05,29.0,Basic
USR_01186,2025-07-05,29.0,Basic
USR_01187,2025-08-10,29.0,Basic
USR_01187,2025-09-09,29.0,Basic
USR_01187,2025-10-09,199.0,Enterprise
USR_01188,2025-04-20,29.0,Basic
USR_01189,2025-08-10,199.0,Enterprise
USR_01189,2025-09-09,79.0,Pro
USR_01190,2025-10-05,29.0,Basic
USR_01191,2025-01-13,29.0,Basic
USR_01191,2025-02-12,79.0,Pro
USR_01192,2025-06-10,29.0,Basic
USR_01192,2025-07-10,29.0,Basic
USR_01193,2025-04-07,79.0,Pro
USR_01193,2025-05-07,79.0,Pro
USR_01193,2025-06-06,79.0,Pro
USR_01194,2025-02-11,29.0,Basic
USR_01195,2025-06-22,79.0,Pro
USR_01196,2025-10-17,29.0,Basic
USR_01196,2025-11-16,79.0,Pro
USR_01197,2025-04-02,79.0,Pro
USR_01197,2025-05-02,79.0,Pro
USR_01197,2025-06-01,29.0,Basic
USR_01197,2025-07-01,29.0,Basic
USR_01198,2025-01-21,29.0,Basic
USR_01198,2025-02-20,29.0,Basic
USR_01199,2025-01-22,29.0,Basic
USR_01199,2025-02-21,29.0,Basic
USR_01200,2025-07-07,79.0,Pro
USR_01200,2025-08-06,79.0,Pro
USR_01201,2025-03-13,29.0,Basic
USR_01201,2025-04-12,79.0,Pro
USR_01202,2025-04-23,29.0,Basic
USR_01203,2025-01-08,199.0,Enterprise
USR_01204,2025-01-25,29.0,Basic
USR_01204,2025-02-24,29.0,Basic
USR_01204,2025-03-26,29.0,Basic
USR_01205,2025-08-12,79.0,Pro
USR_01206,2025-06-26,29.0,Basic
USR_01206,2025-07-26,79.0,Pro
USR_01207,2025-07-03,29.0,Basic
USR_01207,2025-08-02,29.0,Basic
USR_01207,2025-09-01,199.0,Enterprise
USR_01208,2025-02-19,29.0,Basic
USR_01209,2025-04-10,29.0,Basic
USR_01210,2025-09-28,29.0,Basic
USR_01211,2025-02-15,29.0,Basic
USR_01211,2025-03-17,29.0,Basic
USR_01212,2025-02-07,29.0,Basic
USR_01212,2025-03-09,29.0,Basic
USR_01212,2025-04-08,199.0,Enterprise
USR_01213,2025-06-22,29.0,Basic
USR_01214,2025-05-24,29.0,Basic
USR_01214,2025-06-23,29.0,Basic
USR_01214,2025-07-23,29.0,Basic
USR_01214,2025-08-22,29.0,Basic
USR_01215,2025-05-11,29.0,Basic
USR_01215,2025-06-10,79.0,Pro
USR_01216,2025-01-25,79.0,Pro
USR_01216,2025-02-24,79.0,Pro
USR_01216,2025-03-26,79.0,Pro
USR_01217,2025-06-04,29.0,Basic
USR_01217,2025-07-04,29.0,Basic
USR_01217,2025-08-03,79.0,Pro
USR_01218,2025-05-25,199.0,Enterprise
USR_01219,2025-06-03,29.0,Basic
USR_01219,2025-07-03,29.0,Basic
USR_01219,2025-08-02,29.0,Basic
USR_01220,2025-01-06,79.0,Pro
USR_01221,2025-07-14,29.0,Basic
USR_01221,2025-08-13,79.0,Pro
USR_01222,2025-08-21,79.0,Pro
USR_01222,2025-09-20,79.0,Pro
USR_01223,2025-01-06,29.0,Basic
USR_01223,2025-02-05,79.0,Pro
USR_01224,2025-01-04,29.0,Basic
USR_01224,2025-02-03,79.0,Pro
USR_01224,2025-03-05,79.0,Pro
USR_01224,2025-04-04,29.0,Basic
USR_01225,2025-10-23,29.0,Basic
USR_01225,2025-11-22,79.0,Pro
USR_01225,2025-12-22,29.0,Basic
USR_01226,2025-05-02,29.0,Basic
USR_01226,2025-06-01,29.0,Basic
USR_01226,2025-07-01,29.0,Basic
USR_01226,2025-07-31,199.0,Enterprise
USR_01227,2025-01-28,199.0,Enterprise
USR_01227,2025-02-27,79.0,Pro
USR_01227,2025-03-29,199.0,Enterprise
USR_01228,2025-01-27,29.0,Basic
USR_01228,2025-02-26,29.0,Basic
USR_01229,2025-01-05,29.0,Basic
USR_01229,2025-02-04,199.0,Enterprise
USR_01229,2025-03-06,29.0,Basic
USR_01229,2025-04-05,29.0,Basic
USR_01229,2025-05-05,79.0,Pro
USR_01230,2025-08-17,29.0,Basic
USR_01231,2025-04-04,79.0,Pro
USR_01231,2025-05-04,29.0,Basic
USR_01232,2025-04-16,29.0,Basic
USR_01233,2025-07-03,29.0,Basic
USR_01234,2025-05-14,79.0,Pro
USR_01235,2025-06-04,79.0,Pro
USR_01235,2025-07-04,79.0,Pro
USR_01235,2025-08-03,29.0,Basic
USR_01235,2025-09-02,29.0,Basic
USR_01236,2025-09-30,29.0,Basic
USR_01237,2025-03-12,79.0,Pro
USR_01237,2025-04-11,79.0,Pro
USR_01237,2025-05-11,29.0,Basic
USR_01238,2025-03-11,29.0,Basic
USR_01238,2025-04-10,29.0,Basic
USR_01238,2025-05-10,29.0,Basic
USR_01238,2025-06-09,79.0,Pro
USR_01238,2025-07-09,29.0,Basic
USR_01238,2025-08-08,29.0,Basic
USR_01238,2025-09-07,29.0,Basic
USR_01239,2025-08-26,29.0,Basic
USR_01239,2025-09-25,79.0,Pro
USR_01239,2025-10-25,29.0,Basic
USR_01239,2025-11-24,79.0,Pro
USR_01239,2025-12-24,29.0,Basic
USR_01240,2025-03-11,79.0,Pro
USR_01240,2025-04-10,29.0,Basic
USR_01240,2025-05-10,29.0,Basic
USR_01240,2025-06-09,29.0,Basic
USR_01241,2025-07-13,29.0,Basic
USR_01241,2025-08-12,29.0,Basic
USR_01241,2025-09-11,29.0,Basic
USR_01241,2025-10-11,199.0,Enterprise
USR_01242,2025-09-13,79.0,Pro
USR_01242,2025-10-13,79.0,Pro
USR_01242,2025-11-12,29.0,Basic
USR_01242,2025-12-12,29.0,Basic
USR_01243,2025-01-31,199.0,Enterprise
USR_01244,2025-06-05,29.0,Basic
USR_01244,2025-07-05,79.0,Pro
USR_01244,2025-08-04,29.0,Basic
USR_01244,2025-09-03,29.0,Basic
USR_01245,2025-02-11,29.0,Basic
USR_01245,2025-03-13,29.0,Basic
USR_01245,2025-04-12,29.0,Basic
USR_01246,2025-08-19,79.0,Pro
USR_01247,2025-04-18,29.0,Basic
USR_01248,2025-03-28,199.0,Enterprise
USR_01249,2025-02-13,29.0,Basic
USR_01249,2025-03-15,199.0,Enterprise
USR_01249,2025-04-14,29.0,Basic
USR_01249,2025-05-14,79.0,Pro
USR_01249,2025-06-13,29.0,Basic
USR_01250,2025-04-24,79.0,Pro
USR_01250,2025-05-24,29.0,Basic
USR_01251,2025-04-01,29.0,Basic
USR_01251,2025-05-01,29.0,Basic
USR_01251,2025-05-31,79.0,Pro
USR_01251,2025-06-30,79.0,Pro
USR_01252,2025-06-07,29.0,Basic
USR_01252,2025-07-07,29.0,Basic
USR_01253,2025-08-26,79.0,Pro
USR_01254,2025-05-10,79.0,Pro
USR_01254,2025-06-09,29.0,Basic
USR_01255,2025-08-13,79.0,Pro
USR_01255,2025-09-12,79.0,Pro
USR_01255,2025-10-12,29.0,Basic
USR_01255,2025-11-11,29.0,Basic
USR_01256,2025-10-04,199.0,Enterprise
USR_01256,2025-11-03,29.0,Basic
USR_01256,2025-12-03,199.0,Enterprise
USR_01257,2025-05-23,79.0,Pro
USR_01257,2025-06-22,79.0,Pro
USR_01258,2025-04-24,29.0,Basic
USR_01258,2025-05-24,79.0,Pro
USR_01258,2025-06-23,29.0,Basic
USR_01258,2025-07-23,29.0,Basic
USR_01258,2025-08-22,29.0,Basic
USR_01259,2025-09-19,79.0,Pro
USR_01259,2025-10-19,29.0,Basic
USR_01259,2025-11-18,29.0,Basic
USR_01259,2025-12-18,29.0,Basic
USR_01260,2025-07-04,79.0,Pro
USR_01260,2025-08-03,199.0,Enterprise
USR_01260,2025-09-02,199.0,Enterprise
USR_01261,2025-10-17,79.0,Pro
USR_01261,2025-11-16,79.0,Pro
USR_01261,2025-12-16,29.0,Basic
USR_01262,2025-06-04,29.0,Basic
USR_01262,2025-07-04,29.0,Basic
USR_01262,2025-08-03,79.0,Pro
USR_01262,2025-09-02,199.0,Enterprise
USR_01262,2025-10-02,79.0,Pro
USR_01263,2025-02-20,79.0,Pro
USR_01264,2025-06-21,29.0,Basic
USR_01264,2025-07-21,79.0,Pro
USR_01265,2025-01-01,79.0,Pro
USR_01265,2025-01-31,79.0,Pro
USR_01265,2025-03-02,79.0,Pro
USR_01266,2025-03-14,29.0,Basic
USR_01266,2025-04-13,29.0,Basic
USR_01266,2025-05-13,79.0,Pro
USR_01266,2025-06-12,199.0,Enterprise
USR_01267,2025-07-18,29.0,Basic
USR_01268,2025-03-25,29.0,Basic
USR_01269,2025-06-22,29.0,Basic
USR_01269,2025-07-22,29.0,Basic
USR_01270,2025-04-24,29.0,Basic
USR_01271,2025-05-17,29.0,Basic
USR_01272,2025-05-08,79.0,Pro
USR_01272,2025-06-07,199.0,Enterprise
USR_01272,2025-07-07,29.0,Basic
USR_01272,2025-08-06,79.0,Pro
USR_01272,2025-09-05,29.0,Basic
USR_01273,2025-02-16,29.0,Basic
USR_01273,2025-03-18,79.0,Pro
USR_01273,2025-04-17,29.0,Basic
USR_01273,2025-05-17,79.0,Pro
USR_01274,2025-06-20,29.0,Basic
USR_01275,2025-02-04,79.0,Pro
USR_01276,2025-04-13,29.0,Basic
USR_01276,2025-05-13,79.0,Pro
USR_01277,2025-09-04,29.0,Basic
USR_01277,2025-10-04,29.0,Basic
USR_01278,2025-02-27,29.0,Basic
USR_01278,2025-03-29,29.0,Basic
USR_01279,2025-01-03,29.0,Basic
USR_01280,2025-05-01,29.0,Basic
USR_01281,2025-05-26,29.0,Basic
USR_01281,2025-06-25,29.0,Basic
USR_01281,2025-07-25,29.0,Basic
USR_01281,2025-08-24,79.0,Pro
USR_01281,2025-09-23,79.0,Pro
USR_01281,2025-10-23,29.0,Basic
USR_01281,2025-11-22,29.0,Basic
USR_01282,2025-06-09,79.0,Pro
USR_01282,2025-07-09,29.0,Basic
USR_01282,2025-08-08,29.0,Basic
USR_01282,2025-09-07,29.0,Basic
USR_01283,2025-06-27,29.0,Basic
USR_01283,2025-07-27,79.0,Pro
USR_01284,2025-08-04,29.0,Basic
USR_01284,2025-09-03,29.0,Basic
USR_01284,2025-10-03,29.0,Basic
USR_01284,2025-11-02,29.0,Basic
USR_01284,2025-12-02,79.0,Pro
USR_01285,2025-06-01,29.0,Basic
USR_01286,2025-04-19,29.0,Basic
USR_01287,2025-08-19,29.0,Basic
USR_01288,2025-01-05,199.0,Enterprise
USR_01288,2025-02-04,29.0,Basic
USR_01288,2025-03-06,29.0,Basic
USR_01288,2025-04-05,79.0,Pro
USR_01288,2025-05-05,29.0,Basic
USR_01289,2025-06-16,29.0,Basic
USR_01289,2025-07-16,79.0,Pro
USR_01289,2025-08-15,79.0,Pro
USR_01289,2025-09-14,29.0,Basic
USR_01290,2025-10-16,79.0,Pro
USR_01290,2025-11-15,79.0,Pro
USR_01290,2025-12-15,29.0,Basic
USR_01291,2025-02-20,79.0,Pro
USR_01292,2025-05-05,29.0,Basic
USR_01292,2025-06-04,29.0,Basic
USR_01292,2025-07-04,29.0,Basic
USR_01293,2025-07-25,29.0,Basic
USR_01293,2025-08-24,79.0,Pro
USR_01293,2025-09-23,79.0,Pro
USR_01293,2025-10-23,29.0,Basic
USR_01293,2025-11-22,29.0,Basic
USR_01293,2025-12-22,29.0,Basic
USR_01294,2025-06-12,79.0,Pro
USR_01294,2025-07-12,29.0,Basic
USR_01294,2025-08-11,29.0,Basic
USR_01295,2025-04-18,79.0,Pro
USR_01295,2025-05-18,199.0,Enterprise
USR_01295,2025-06-17,199.0,Enterprise
USR_01296,2025-03-02,199.0,Enterprise
USR_01296,2025-04-01,29.0,Basic
USR_01297,2025-05-26,29.0,Basic
USR_01297,2025-06-25,29.0,Basic
USR_01298,2025-01-07,79.0,Pro
USR_01299,2025-06-15,29.0,Basic
USR_01299,2025-07-15,29.0,Basic
USR_01299,2025-08-14,79.0,Pro
USR_01299,2025-09-13,29.0,Basic
USR_01300,2025-05-06,29.0,Basic
USR_01300,2025-06-05,79.0,Pro
USR_01301,2025-10-15,29.0,Basic
USR_01301,2025-11-14,29.0,Basic
USR_01301,2025-12-14,29.0,Basic
USR_01302,2025-04-12,79.0,Pro
USR_01302,2025-05-12,79.0,Pro
USR_01302,2025-06-11,79.0,Pro
USR_01303,2025-08-31,29.0,Basic
USR_01303,2025-09-30,79.0,Pro
USR_01304,2025-10-19,79.0,Pro
USR_01305,2025-05-18,29.0,Basic
USR_01306,2025-04-06,29.0,Basic
USR_01307,2025-09-22,29.0,Basic
USR_01307,2025-10-22,79.0,Pro
USR_01307,2025-11-21,29.0,Basic
USR_01308,2025-06-20,29.0,Basic
USR_01308,2025-07-20,29.0,Basic
USR_01308,2025-08-19,29.0,Basic
USR_01309,2025-02-07,29.0,Basic
USR_01309,2025-03-09,29.0,Basic
USR_01310,2025-09-23,29.0,Basic
USR_01310,2025-10-23,79.0,Pro
USR_01311,2025-07-30,29.0,Basic
USR_01311,2025-08-29,29.0,Basic
USR_01311,2025-09-28,29.0,Basic
USR_01312,2025-01-28,29.0,Basic
USR_01313,2025-09-21,79.0,Pro
USR_01313,2025-10-21,79.0,Pro
USR_01314,2025-10-10,29.0,Basic
USR_01314,2025-11-09,79.0,Pro
USR_01314,2025-12-09,79.0,Pro
USR_01315,2025-10-02,29.0,Basic
USR_01315,2025-11-01,29.0,Basic
USR_01315,2025-12-01,79.0,Pro
USR_01316,2025-10-18,29.0,Basic
USR_01316,2025-11-17,79.0,Pro
USR_01316,2025-12-17,29.0,Basic
USR_01317,2025-01-16,29.0,Basic
USR_01318,2025-05-10,29.0,Basic
USR_01318,2025-06-09,79.0,Pro
USR_01318,2025-07-09,29.0,Basic
USR_01319,2025-10-11,79.0,Pro
USR_01319,2025-11-10,29.0,Basic
USR_01320,2025-07-18,29.0,Basic
USR_01321,2025-10-18,79.0,Pro
USR_01322,2025-05-14,29.0,Basic
USR_01322,2025-06-13,29.0,Basic
USR_01322,2025-07-13,29.0,Basic
USR_01323,2025-10-04,29.0,Basic
USR_01323,2025-11-03,199.0,Enterprise
USR_01323,2025-12-03,29.0,Basic
USR_01324,2025-02-24,29.0,Basic
USR_01324,2025-03-26,29.0,Basic
USR_01324,2025-04-25,29.0,Basic
USR_01325,2025-02-16,29.0,Basic
USR_01326,2025-08-17,79.0,Pro
USR_01326,2025-09-16,29.0,Basic
USR_01326,2025-10-16,79.0,Pro
USR_01326,2025-11-15,79.0,Pro
USR_01327,2025-04-16,29.0,Basic
USR_01327,2025-05-16,79.0,Pro
USR_01327,2025-06-15,29.0,Basic
USR_01327,2025-07-15,29.0,Basic
USR_01328,2025-06-02,29.0,Basic
USR_01328,2025-07-02,29.0,Basic
USR_01328,2025-08-01,199.0,Enterprise
USR_01328,2025-08-31,79.0,Pro
USR_01328,2025-09-30,199.0,Enterprise
USR_01328,2025-10-30,29.0,Basic
USR_01328,2025-11-29,29.0,Basic
USR_01329,2025-05-17,79.0,Pro
USR_01329,2025-06-16,29.0,Basic
USR_01329,2025-07-16,199.0,Enterprise
USR_01330,2025-04-12,199.0,Enterprise
USR_01331,2025-07-14,79.0,Pro
USR_01331,2025-08-13,79.0,Pro
USR_01331,2025-09-12,29.0,Basic
USR_01331,2025-10-12,79.0,Pro
USR_01331,2025-11-11,29.0,Basic
USR_01331,2025-12-11,29.0,Basic
USR_01332,2025-02-27,29.0,Basic
USR_01333,2025-03-16,79.0,Pro
USR_01333,2025-04-15,29.0,Basic
USR_01334,2025-07-04,199.0,Enterprise
USR_01334,2025-08-03,79.0,Pro
USR_01335,2025-08-04,79.0,Pro
USR_01335,2025-09-03,29.0,Basic
USR_01335,2025-10-03,29.0,Basic
USR_01336,2025-02-14,29.0,Basic
USR_01336,2025-03-16,29.0,Basic
USR_01337,2025-07-18,79.0,Pro
USR_01337,2025-08-17,199.0,Enterprise
USR_01338,2025-03-16,29.0,Basic
USR_01339,2025-08-31,29.0,Basic
USR_01340,2025-01-17,79.0,Pro
USR_01340,2025-02-16,29.0,Basic
USR_01341,2025-04-18,79.0,Pro
USR_01341,2025-05-18,79.0,Pro
USR_01341,2025-06-17,79.0,Pro
USR_01342,2025-09-08,29.0,Basic
USR_01342,2025-10-08,29.0,Basic
USR_01342,2025-11-07,29.0,Basic
USR_01342,2025-12-07,29.0,Basic
USR_01343,2025-10-23,199.0,Enterprise
USR_01343,2025-11-22,29.0,Basic
USR_01343,2025-12-22,79.0,Pro
USR_01344,2025-07-11,79.0,Pro
USR_01344,2025-08-10,199.0,Enterprise
USR_01345,2025-01-26,79.0,Pro
USR_01345,2025-02-25,29.0,Basic
USR_01345,2025-03-27,199.0,Enterprise
USR_01345,2025-04-26,29.0,Basic
USR_01346,2025-08-09,29.0,Basic
USR_01346,2025-09-08,79.0,Pro
USR_01347,2025-04-19,29.0,Basic
USR_01347,2025-05-19,29.0,Basic
USR_01347,2025-06-18,79.0,Pro
USR_01347,2025-07-18,29.0,Basic
USR_01347,2025-08-17,29.0,Basic
USR_01348,2025-08-25,79.0,Pro
USR_01348,2025-09-24,79.0,Pro
USR_01349,2025-07-18,29.0,Basic
USR_01349,2025-08-17,29.0,Basic
USR_01349,2025-09-16,29.0,Basic
USR_01349,2025-10-16,29.0,Basic
USR_01349,2025-11-15,199.0,Enterprise
USR_01349,2025-12-15,29.0,Basic
USR_01350,2025-08-13,29.0,Basic
USR_01350,2025-09-12,79.0,Pro
USR_01350,2025-10-12,29.0,Basic
USR_01351,2025-07-19,29.0,Basic
USR_01352,2025-04-01,29.0,Basic
USR_01352,2025-05-01,29.0,Basic
USR_01352,2025-05-31,79.0,Pro
USR_01353,2025-07-24,29.0,Basic
USR_01353,2025-08-23,29.0,Basic
USR_01354,2025-01-31,29.0,Basic
USR_01354,2025-03-02,29.0,Basic
USR_01355,2025-02-06,79.0,Pro
USR_01356,2025-05-08,199.0,Enterprise
USR_01357,2025-06-23,79.0,Pro
USR_01357,2025-07-23,79.0,Pro
USR_01357,2025-08-22,79.0,Pro
USR_01358,2025-02-23,29.0,Basic
USR_01358,2025-03-25,29.0,Basic
USR_01358,2025-04-24,79.0,Pro
USR_01359,2025-08-05,29.0,Basic
USR_01360,2025-04-14,79.0,Pro
USR_01360,2025-05-14,79.0,Pro
USR_01360,2025-06-13,29.0,Basic
USR_01360,2025-07-13,29.0,Basic
USR_01360,2025-08-12,29.0,Basic
USR_01360,2025-09-11,29.0,Basic
USR_01360,2025-10-11,29.0,Basic
USR_01361,2025-07-17,29.0,Basic
USR_01362,2025-01-20,29.0,Basic
USR_01363,2025-08-30,29.0,Basic
USR_01363,2025-09-29,29.0,Basic
USR_01364,2025-02-06,79.0,Pro
USR_01364,2025-03-08,79.0,Pro
USR_01364,2025-04-07,29.0,Basic
USR_01364,2025-05-07,79.0,Pro
USR_01365,2025-03-16,29.0,Basic
USR_01365,2025-04-15,79.0,Pro
USR_01365,2025-05-15,29.0,Basic
USR_01366,2025-05-11,199.0,Enterprise
USR_01366,2025-06-10,29.0,Basic
USR_01367,2025-03-09,29.0,Basic
USR_01367,2025-04-08,29.0,Basic
USR_01368,2025-07-14,79.0,Pro
USR_01369,2025-06-14,29.0,Basic
USR_01370,2025-07-05,29.0,Basic
USR_01370,2025-08-04,29.0,Basic
USR_01370,2025-09-03,29.0,Basic
USR_01371,2025-08-20,29.0,Basic
USR_01371,2025-09-19,79.0,Pro
USR_01371,2025-10-19,29.0,Basic
USR_01371,2025-11-18,29.0,Basic
USR_01372,2025-03-07,29.0,Basic
USR_01372,2025-04-06,29.0,Basic
USR_01372,2025-05-06,29.0,Basic
USR_01372,2025-06-05,29.0,Basic
USR_01372,2025-07-05,79.0,Pro
USR_01372,2025-08-04,29.0,Basic
USR_01373,2025-08-30,29.0,Basic
USR_01373,2025-09-29,29.0,Basic
USR_01374,2025-02-22,29.0,Basic
USR_01375,2025-01-04,29.0,Basic
USR_01375,2025-02-03,199.0,Enterprise
USR_01375,2025-03-05,199.0,Enterprise
USR_01376,2025-10-23,79.0,Pro
USR_01376,2025-11-22,79.0,Pro
USR_01377,2025-09-24,29.0,Basic
USR_01377,2025-10-24,79.0,Pro
USR_01378,2025-10-23,199.0,Enterprise
USR_01379,2025-01-25,29.0,Basic
USR_01380,2025-06-22,29.0,Basic
USR_01380,2025-07-22,79.0,Pro
USR_01380,2025-08-21,199.0,Enterprise
USR_01381,2025-06-05,199.0,Enterprise
USR_01381,2025-07-05,29.0,Basic
USR_01382,2025-02-13,29.0,Basic
USR_01382,2025-03-15,79.0,Pro
USR_01382,2025-04-14,29.0,Basic
USR_01383,2025-01-21,29.0,Basic
USR_01383,2025-02-20,29.0,Basic
USR_01384,2025-07-12,29.0,Basic
USR_01385,2025-01-06,29.0,Basic
USR_01385,2025-02-05,29.0,Basic
USR_01386,2025-05-18,29.0,Basic
USR_01386,2025-06-17,79.0,Pro
USR_01386,2025-07-17,79.0,Pro
USR_01386,2025-08-16,29.0,Basic
USR_01386,2025-09-15,79.0,Pro
USR_01386,2025-10-15,29.0,Basic
USR_01386,2025-11-14,79.0,Pro
USR_01387,2025-02-15,199.0,Enterprise
USR_01387,2025-03-17,29.0,Basic
USR_01387,2025-04-16,79.0,Pro
USR_01387,2025-05-16,79.0,Pro
USR_01388,2025-03-06,29.0,Basic
USR_01388,2025-04-05,79.0,Pro
USR_01389,2025-08-17,79.0,Pro
USR_01389,2025-09-16,29.0,Basic
USR_01390,2025-04-06,29.0,Basic
USR_01391,2025-06-08,29.0,Basic
USR_01391,2025-07-08,79.0,Pro
USR_01391,2025-08-07,29.0,Basic
USR_01392,2025-02-16,79.0,Pro
USR_01392,2025-03-18,29.0,Basic
USR_01392,2025-04-17,79.0,Pro
USR_01392,2025-05-17,29.0,Basic
USR_01393,2025-07-04,79.0,Pro
USR_01393,2025-08-03,199.0,Enterprise
USR_01394,2025-03-10,29.0,Basic
USR_01394,2025-04-09,29.0,Basic
USR_01395,2025-09-21,79.0,Pro
USR_01395,2025-10-21,79.0,Pro
USR_01396,2025-02-07,79.0,Pro
USR_01397,2025-01-20,29.0,Basic
USR_01397,2025-02-19,29.0,Basic
USR_01397,2025-03-21,79.0,Pro
USR_01398,2025-07-05,79.0,Pro
USR_01398,2025-08-04,29.0,Basic
USR_01398,2025-09-03,79.0,Pro
USR_01399,2025-04-05,79.0,Pro
USR_01400,2025-02-21,29.0,Basic
USR_01400,2025-03-23,29.0,Basic
USR_01400,2025-04-22,79.0,Pro
USR_01401,2025-06-01,29.0,Basic
USR_01401,2025-07-01,79.0,Pro
USR_01402,2025-09-19,199.0,Enterprise
USR_01403,2025-09-07,29.0,Basic
USR_01403,2025-10-07,29.0,Basic
USR_01403,2025-11-06,29.0,Basic
USR_01403,2025-12-06,29.0,Basic
USR_01404,2025-09-05,29.0,Basic
USR_01404,2025-10-05,29.0,Basic
USR_01404,2025-11-04,79.0,Pro
USR_01404,2025-12-04,29.0,Basic
USR_01405,2025-08-23,79.0,Pro
USR_01405,2025-09-22,29.0,Basic
USR_01405,2025-10-22,29.0,Basic
USR_01406,2025-03-02,79.0,Pro
USR_01406,2025-04-01,29.0,Basic
USR_01407,2025-10-05,79.0,Pro
USR_01407,2025-11-04,29.0,Basic
USR_01407,2025-12-04,29.0,Basic
USR_01408,2025-05-03,29.0,Basic
USR_01408,2025-06-02,29.0,Basic
USR_01408,2025-07-02,29.0,Basic
USR_01408,2025-08-01,29.0,Basic
USR_01409,2025-07-14,29.0,Basic
USR_01409,2025-08-13,29.0,Basic
USR_01409,2025-09-12,29.0,Basic
USR_01409,2025-10-12,29.0,Basic
USR_01409,2025-11-11,29.0,Basic
USR_01410,2025-01-05,29.0,Basic
USR_01410,2025-02-04,79.0,Pro
USR_01410,2025-03-06,79.0,Pro
USR_01411,2025-05-18,29.0,Basic
USR_01411,2025-06-17,79.0,Pro
USR_01411,2025-07-17,29.0,Basic
USR_01412,2025-02-19,79.0,Pro
USR_01412,2025-03-21,29.0,Basic
USR_01413,2025-07-04,79.0,Pro
USR_01413,2025-08-03,29.0,Basic
USR_01413,2025-09-02,29.0,Basic
USR_01414,2025-05-23,29.0,Basic
USR_01414,2025-06-22,29.0,Basic
USR_01414,2025-07-22,29.0,Basic
USR_01415,2025-04-12,79.0,Pro
USR_01415,2025-05-12,29.0,Basic
USR_01415,2025-06-11,29.0,Basic
USR_01415,2025-07-11,199.0,Enterprise
USR_01416,2025-09-06,29.0,Basic
USR_01416,2025-10-06,29.0,Basic
USR_01416,2025-11-05,29.0,Basic
USR_01416,2025-12-05,29.0,Basic
USR_01417,2025-04-21,29.0,Basic
USR_01417,2025-05-21,79.0,Pro
USR_01417,2025-06-20,29.0,Basic
USR_01418,2025-08-07,79.0,Pro
USR_01418,2025-09-06,29.0,Basic
USR_01418,2025-10-06,29.0,Basic
USR_01419,2025-06-03,29.0,Basic
USR_01419,2025-07-03,79.0,Pro
USR_01420,2025-04-04,29.0,Basic
USR_01420,2025-05-04,29.0,Basic
USR_01421,2025-02-14,29.0,Basic
USR_01422,2025-06-14,79.0,Pro
USR_01423,2025-03-28,29.0,Basic
USR_01423,2025-04-27,29.0,Basic
USR_01423,2025-05-27,199.0,Enterprise
USR_01424,2025-03-05,29.0,Basic
USR_01424,2025-04-04,29.0,Basic
USR_01424,2025-05-04,29.0,Basic
USR_01425,2025-06-11,29.0,Basic
USR_01425,2025-07-11,29.0,Basic
USR_01425,2025-08-10,29.0,Basic
USR_01426,2025-09-19,79.0,Pro
USR_01426,2025-10-19,29.0,Basic
USR_01427,2025-08-23,29.0,Basic
USR_01427,2025-09-22,79.0,Pro
USR_01428,2025-02-26,199.0,Enterprise
USR_01429,2025-09-04,79.0,Pro
USR_01429,2025-10-04,29.0,Basic
USR_01429,2025-11-03,79.0,Pro
USR_01430,2025-10-07,29.0,Basic
USR_01430,2025-11-06,29.0,Basic
USR_01430,2025-12-06,29.0,Basic
USR_01431,2025-06-08,29.0,Basic
USR_01431,2025-07-08,79.0,Pro
USR_01431,2025-08-07,29.0,Basic
USR_01432,2025-03-21,199.0,Enterprise
USR_01432,2025-04-20,29.0,Basic
USR_01432,2025-05-20,29.0,Basic
USR_01433,2025-06-01,29.0,Basic
USR_01434,2025-06-27,199.0,Enterprise
USR_01434,2025-07-27,79.0,Pro
USR_01435,2025-07-27,29.0,Basic
USR_01435,2025-08-26,29.0,Basic
USR_01435,2025-09-25,29.0,Basic
USR_01436,2025-03-08,79.0,Pro
USR_01436,2025-04-07,79.0,Pro
USR_01436,2025-05-07,79.0,Pro
USR_01436,2025-06-06,79.0,Pro
USR_01436,2025-07-06,29.0,Basic
USR_01437,2025-04-15,199.0,Enterprise
USR_01437,2025-05-15,29.0,Basic
USR_01438,2025-10-24,29.0,Basic
USR_01438,2025-11-23,29.0,Basic
USR_01439,2025-07-08,79.0,Pro
USR_01439,2025-08-07,79.0,Pro
USR_01440,2025-08-09,29.0,Basic
USR_01440,2025-09-08,79.0,Pro
USR_01440,2025-10-08,79.0,Pro
USR_01440,2025-11-07,79.0,Pro
USR_01440,2025-12-07,79.0,Pro
USR_01441,2025-09-18,29.0,Basic
USR_01441,2025-10-18,29.0,Basic
USR_01442,2025-01-17,29.0,Basic
USR_01442,2025-02-16,29.0,Basic
USR_01443,2025-08-19,79.0,Pro
USR_01443,2025-09-18,79.0,Pro
USR_01444,2025-01-05,29.0,Basic
USR_01444,2025-02-04,29.0,Basic
USR_01445,2025-05-12,29.0,Basic
USR_01445,2025-06-11,79.0,Pro
USR_01445,2025-07-11,29.0,Basic
USR_01445,2025-08-10,29.0,Basic
USR_01445,2025-09-09,29.0,Basic
USR_01445,2025-10-09,79.0,Pro
USR_01446,2025-09-17,79.0,Pro
USR_01446,2025-10-17,29.0,Basic
USR_01446,2025-11-16,79.0,Pro
USR_01447,2025-09-28,29.0,Basic
USR_01447,2025-10-28,79.0,Pro
USR_01447,2025-11-27,29.0,Basic
USR_01448,2025-10-12,29.0,Basic
USR_01448,2025-11-11,29.0,Basic
USR_01448,2025-12-11,29.0,Basic
USR_01449,2025-05-11,29.0,Basic
USR_01449,2025-06-10,79.0,Pro
USR_01449,2025-07-10,79.0,Pro
USR_01450,2025-08-18,29.0,Basic
USR_01450,2025-09-17,29.0,Basic
USR_01451,2025-10-03,29.0,Basic
USR_01451,2025-11-02,29.0,Basic
USR_01452,2025-05-15,29.0,Basic
USR_01452,2025-06-14,199.0,Enterprise
USR_01453,2025-06-20,29.0,Basic
USR_01453,2025-07-20,79.0,Pro
USR_01453,2025-08-19,29.0,Basic
USR_01453,2025-09-18,29.0,Basic
USR_01454,2025-02-01,79.0,Pro
USR_01454,2025-03-03,79.0,Pro
USR_01454,2025-04-02,29.0,Basic
USR_01454,2025-05-02,29.0,Basic
USR_01455,2025-04-15,29.0,Basic
USR_01455,2025-05-15,29.0,Basic
USR_01456,2025-10-25,29.0,Basic
USR_01456,2025-11-24,79.0,Pro
USR_01457,2025-02-25,199.0,Enterprise
USR_01458,2025-02-09,29.0,Basic
USR_01458,2025-03-11,29.0,Basic
USR_01459,2025-03-19,29.0,Basic
USR_01459,2025-04-18,29.0,Basic
USR_01460,2025-03-25,79.0,Pro
USR_01460,2025-04-24,79.0,Pro
USR_01460,2025-05-24,79.0,Pro
USR_01460,2025-06-23,79.0,Pro
USR_01460,2025-07-23,29.0,Basic
USR_01461,2025-03-08,29.0,Basic
USR_01461,2025-04-07,79.0,Pro
USR_01462,2025-06-03,29.0,Basic
USR_01462,2025-07-03,79.0,Pro
USR_01462,2025-08-02,29.0,Basic
USR_01463,2025-08-23,79.0,Pro
USR_01463,2025-09-22,29.0,Basic
USR_01463,2025-10-22,79.0,Pro
USR_01463,2025-11-21,79.0,Pro
USR_01464,2025-02-11,29.0,Basic
USR_01464,2025-03-13,199.0,Enterprise
USR_01465,2025-03-20,29.0,Basic
USR_01465,2025-04-19,29.0,Basic
USR_01465,2025-05-19,199.0,Enterprise
USR_01465,2025-06-18,29.0,Basic
USR_01466,2025-04-13,79.0,Pro
USR_01466,2025-05-13,29.0,Basic
USR_01466,2025-06-12,79.0,Pro
USR_01466,2025-07-12,199.0,Enterprise
USR_01466,2025-08-11,199.0,Enterprise
USR_01466,2025-09-10,79.0,Pro
USR_01466,2025-10-10,29.0,Basic
USR_01467,2025-01-27,29.0,Basic
USR_01468,2025-02-17,79.0,Pro
USR_01469,2025-10-15,79.0,Pro
USR_01469,2025-11-14,29.0,Basic
USR_01470,2025-03-18,79.0,Pro
USR_01470,2025-04-17,199.0,Enterprise
USR_01471,2025-10-01,29.0,Basic
USR_01472,2025-10-05,29.0,Basic
USR_01472,2025-11-04,29.0,Basic
USR_01473,2025-03-28,29.0,Basic
USR_01473,2025-04-27,79.0,Pro
USR_01474,2025-03-16,79.0,Pro
USR_01474,2025-04-15,199.0,Enterprise
USR_01474,2025-05-15,29.0,Basic
USR_01474,2025-06-14,29.0,Basic
USR_01474,2025-07-14,79.0,Pro
USR_01475,2025-02-24,29.0,Basic
USR_01476,2025-09-12,79.0,Pro
USR_01476,2025-10-12,29.0,Basic
USR_01477,2025-07-17,79.0,Pro
USR_01477,2025-08-16,79.0,Pro
USR_01477,2025-09-15,79.0,Pro
USR_01478,2025-01-06,29.0,Basic
USR_01478,2025-02-05,29.0,Basic
USR_01478,2025-03-07,29.0,Basic
USR_01478,2025-04-06,29.0,Basic
USR_01479,2025-04-12,29.0,Basic
USR_01479,2025-05-12,199.0,Enterprise
USR_01480,2025-02-06,29.0,Basic
USR_01480,2025-03-08,29.0,Basic
USR_01480,2025-04-07,29.0,Basic
USR_01480,2025-05-07,79.0,Pro
USR_01481,2025-10-07,29.0,Basic
USR_01481,2025-11-06,29.0,Basic
USR_01481,2025-12-06,29.0,Basic
USR_01482,2025-06-21,79.0,Pro
USR_01482,2025-07-21,29.0,Basic
USR_01482,2025-08-20,29.0,Basic
USR_01483,2025-05-04,199.0,Enterprise
USR_01483,2025-06-03,79.0,Pro
USR_01483,2025-07-03,29.0,Basic
USR_01484,2025-03-14,29.0,Basic
USR_01484,2025-04-13,29.0,Basic
USR_01484,2025-05-13,79.0,Pro
USR_01484,2025-06-12,79.0,Pro
USR_01485,2025-07-08,29.0,Basic
USR_01485,2025-08-07,29.0,Basic
USR_01486,2025-08-03,199.0,Enterprise
USR_01486,2025-09-02,79.0,Pro
USR_01487,2025-09-03,29.0,Basic
USR_01487,2025-10-03,29.0,Basic
USR_01488,2025-09-28,29.0,Basic
USR_01488,2025-10-28,79.0,Pro
USR_01489,2025-05-24,29.0,Basic
USR_01489,2025-06-23,79.0,Pro
USR_01489,2025-07-23,79.0,Pro
USR_01490,2025-01-12,79.0,Pro
USR_01491,2025-08-09,79.0,Pro
USR_01491,2025-09-08,29.0,Basic
USR_01491,2025-10-08,79.0,Pro
USR_01492,2025-10-20,199.0,Enterprise
USR_01492,2025-11-19,79.0,Pro
USR_01492,2025-12-19,79.0,Pro
USR_01493,2025-02-08,79.0,Pro
USR_01494,2025-05-16,29.0,Basic
USR_01494,2025-06-15,79.0,Pro
USR_01494,2025-07-15,199.0,Enterprise
USR_01494,2025-08-14,79.0,Pro
USR_01495,2025-07-14,29.0,Basic
USR_01495,2025-08-13,29.0,Basic
USR_01495,2025-09-12,29.0,Basic
USR_01495,2025-10-12,79.0,Pro
USR_01495,2025-11-11,79.0,Pro
USR_01495,2025-12-11,29.0,Basic
USR_01496,2025-10-07,79.0,Pro
USR_01497,2025-09-12,29.0,Basic
USR_01497,2025-10-12,29.0,Basic
USR_01497,2025-11-11,29.0,Basic
USR_01497,2025-12-11,29.0,Basic
USR_01498,2025-10-19,79.0,Pro
USR_01499,2025-04-05,29.0,Basic
USR_01499,2025-05-05,79.0,Pro
USR_01500,2025-08-13,79.0,Pro
